Saka	(M)	ARS	£9.2	26 (0)	2181	78	28	57	17	11.44	13	36%	34%	20.2	23	66	14	8.72	10	156.38	610	23	176
Haaland	(F)	MCI	£14.5	22 (1)	1834	90	43	84	40	21.15	18	50%	50%	22.8	25	22	5	1.66	7	152.46	541	20	152
Salah	(M)	LIV	£13	21 (1)	1789	67	34	54	22	14.3	15	42%	51%	20.3	24	49	18	6	9	145.02	501	23	167
Watkins	(F)	AVL	£8.9	27 (0)	2388	85	39	77	27	14.2	16	34%	53%	17.7	31	37	9	3.48	15	135.46	621	24	183
Foden	(M)	MCI	£8.2	27 (2)	2222	83	34	47	11	8.07	11	24%	29%	13.7	18	57	10	5.6	7	131.3	615	21	158
Solanke	(F)	BOU	£7.1	26 (0)	2320	80	29	72	22	14.82	14	43%	49%	16.3	17	24	2	1.46	3	129.44	404	15	130
J.Alvarez	(F)	MCI	£6.5	27 (2)	2138	73	30	43	12	9.07	8	26%	29%	14.6	18	61	7	5.51	10	122.11	543	17	128
Saliba	(D)	ARS	£5.8	27 (0)	2430	8	3	6	3	1.54	2	4%	4%	2.3	3	5	0	0.76	1	119.63	537	6	110
White	(D)	ARS	£5.6	26 (2)	2049	8	6	6	2	0.79	2	6%	8%	3.4	5	19	3	2.6	3	117.72	506	8	108
Gabriel	(D)	ARS	£5.3	25 (2)	2085	21	9	19	5	3.11	3	7%	7%	3.6	4	3	2	0.51	1	117.19	463	6	102
Bowen	(M)	WHU	£7.9	26 (0)	2336	63	30	50	18	9.39	14	33%	41%	12.3	17	18	7	2.9	3	116.99	404	11	145
Ødegaard	(M)	ARS	£8.5	24 (0)	2123	52	18	25	4	5.42	6	24%	22%	12.1	13	70	13	6.7	7	114.8	494	18	126
Son	(M)	TOT	£9.8	23 (1)	1905	57	27	44	13	7.54	13	31%	40%	12.6	19	42	14	5.05	6	110.6	490	18	149
Darwin	(F)	LIV	£7.5	25 (9)	1496	84	36	63	28	13.29	10	29%	32%	16.6	19	27	9	3.36	9	109.56	344	9	106
B.Fernandes	(M)	MUN	£8.2	26 (0)	2340	66	25	24	6	5.96	3	33%	27%	12.7	10	77	13	6.78	7	109.21	445	10	94
Luis Díaz	(M)	LIV	£7.5	26 (5)	1755	65	22	50	12	8.07	6	18%	18%	10.5	11	31	2	2.41	5	108.49	276	5	100
Gross	(M)	BHA	£6.6	25 (2)	2124	45	17	22	8	5.27	4	28%	31%	11.9	14	74	11	6.62	10	108.12	542	26	124
Martinelli	(M)	ARS	£7.7	25 (2)	1767	49	17	40	7	5.17	6	19%	18%	9.7	11	38	5	4.48	5	107.73	356	6	107
Ward-Prowse	(M)	WHU	£5.9	26 (0)	2290	31	13	11	5	5.31	5	29%	29%	10.6	12	53	9	5.24	7	105.67	556	15	114
Palmer	(M)	CHE	£5.7	23 (5)	1667	54	23	24	11	8.3	10	32%	45%	13.4	18	34	9	5.11	8	105.12	439	17	129
Douglas Luiz	(M)	AVL	£5.6	26 (0)	2242	45	16	18	9	6.35	9	20%	25%	10.0	14	41	9	3.66	5	104.35	580	22	134
Gordon	(M)	NEW	£6.1	26 (1)	2158	57	24	35	12	7.58	9	21%	31%	10.6	17	29	10	3.05	8	103.3	406	9	129
Walker	(D)	MCI	£5.5	25 (1)	2170	16	3	1	0	0.4	0	6%	5%	3.3	3	22	5	2.94	3	102.68	462	8	82
Ederson M.	(G)	MCI	£5.5	26 (0)	2258	0	0	0	0	0	0	0%	0%	0.0	0	1	0	0.03	0	101.62	448	5	87
Havertz	(M)	ARS	£7.1	26 (7)	1692	36	11	32	13	7.38	7	17%	18%	9.1	12	28	1	1.72	5	101.28	288	7	103
N.Jackson	(F)	CHE	£6.8	23 (4)	1730	51	25	44	23	11.9	8	33%	28%	14.1	11	20	6	2.24	3	100.17	247	5	79
McGinn	(M)	AVL	£5.5	27 (0)	2317	35	16	18	5	4.53	6	17%	15%	8.7	9	37	9	4.12	3	97.96	410	9	101
Raya	(G)	ARS	£5	22 (0)	1980	0	0	0	0	0	0	0%	0%	0.0	0	0	0	0.02	0	97.7	378	3	87
Diaby	(M)	AVL	£6.4	27 (9)	1499	40	17	30	6	5.05	4	16%	20%	8.1	12	33	9	3.08	8	96.7	286	5	97
Cunha	(F)	WOL	£5.5	24 (0)	1973	60	31	40	11	8.21	9	32%	41%	10.7	15	25	7	2.46	6	96.6	424	12	108
Rashford	(M)	MUN	£8.4	26 (4)	1906	57	19	41	8	6.05	6	22%	25%	8.7	9	21	6	2.6	3	96.54	271	0	90
Aké	(D)	MCI	£5.1	22 (4)	1637	18	4	17	2	1.7	2	6%	9%	2.8	5	10	3	1.09	3	95.85	387	6	80
Elanga	(M)	NFO	£5.1	26 (7)	1812	45	20	36	12	5.59	5	26%	38%	8.6	12	24	10	3	7	94.95	303	4	96
Richarlison	(M)	TOT	£7	22 (5)	1351	56	22	45	15	8.65	10	25%	27%	9.8	13	14	2	1.2	3	94.87	262	7	107
Rice	(M)	ARS	£5.4	27 (0)	2307	37	13	14	1	2.2	5	10%	15%	5.5	10	29	5	3.28	5	94.79	544	11	112
Isak	(F)	NEW	£7.5	19 (3)	1319	41	23	36	22	10.8	11	32%	27%	12.1	11	12	2	1.3	0	94.34	337	11	89
Rúben	(D)	MCI	£5.5	23 (2)	1927	16	7	13	3	1.04	0	4%	0%	2.2	0	3	1	1.13	0	93.86	368	1	61
Zinchenko	(D)	ARS	£5	21 (4)	1429	15	3	6	0	0.49	1	7%	7%	2.9	3	24	3	2.43	2	93.84	379	13	85
Cash	(D)	AVL	£4.6	24 (4)	1764	29	13	22	6	4.09	2	14%	6%	6.3	3	11	6	2.26	1	92.16	302	4	57
Mbeumo	(M)	BRE	£6.7	15 (0)	1288	41	17	30	13	8.42	7	43%	48%	12.3	11	22	2	3.88	4	91.77	250	9	87
Gibbs-White	(M)	NFO	£5.7	26 (2)	2216	47	10	25	4	4.64	3	26%	28%	8.5	9	44	7	3.83	6	91.55	340	4	84
Sterling	(M)	CHE	£6.9	24 (4)	1748	40	15	31	14	5.28	6	21%	33%	9.0	13	24	5	3.73	7	90.94	261	6	101
João Pedro	(F)	BHA	£5.3	23 (11)	1391	48	19	44	9	8.65	8	29%	24%	11.6	10	21	5	2.95	2	90.76	322	11	83
Morris	(F)	LUT	£5.1	26 (6)	1787	49	20	43	12	7.85	8	27%	38%	9.1	14	18	4	1.22	6	90.35	340	15	109
Rodrigo	(M)	MCI	£5.6	24 (0)	2080	51	17	20	3	3.28	6	15%	20%	8.0	12	34	6	4.69	6	90.11	501	14	108
Pickford	(G)	EVE	£4.6	27 (0)	2430	0	0	0	0	0	0	1%	0%	0.3	0	4	0	0.31	0	89.78	486	12	97
Trippier	(D)	NEW	£6.9	25 (0)	2167	8	2	1	1	0.65	1	16%	21%	7.5	11	63	13	6.9	10	88.71	574	20	108
Bailey	(M)	AVL	£5.7	25 (11)	1337	40	15	29	5	4.42	8	21%	34%	10.0	17	36	9	5.58	9	88.48	358	8	111
Calvert-Lewin	(F)	EVE	£5.8	23 (4)	1563	51	17	44	14	9.06	3	27%	19%	9.7	5	15	2	0.65	2	88.35	131	3	61
Enzo	(M)	CHE	£4.8	23 (2)	1787	40	14	18	9	5.2	3	21%	10%	8.7	4	24	5	3.47	1	87.93	295	4	62
Almirón	(M)	NEW	£6.1	27 (5)	1780	39	10	27	7	4.47	3	12%	7%	6.5	4	21	5	1.99	1	87.91	256	4	71
Bernardo	(M)	MCI	£6.3	23 (3)	1807	28	12	21	5	2.83	6	17%	18%	8.7	10	50	10	5.87	4	87.35	444	16	100
Virgil	(D)	LIV	£6.4	25 (0)	2188	28	10	26	4	2.13	2	5%	7%	3.0	4	9	3	0.85	2	87.32	499	8	98
Alexander-Arnold	(D)	LIV	£8.5	21 (2)	1626	30	4	8	2	1.98	2	14%	16%	6.5	7	53	13	4.51	5	86.28	473	18	103
Souček	(M)	WHU	£4.9	26 (2)	2059	33	11	32	12	5.4	6	16%	17%	6.0	7	8	3	0.61	1	86.12	331	6	89
Trafford	(G)	BUR	£4.5	27 (0)	2430	0	0	0	0	0	0	0%	0%	0.0	0	0	0	0.04	0	85.86	520	5	69
McNeil	(M)	EVE	£5.4	24 (2)	1928	38	12	17	3	2.47	2	19%	24%	7.4	7	41	13	4.95	5	85.55	326	6	82
Kulusevski	(M)	TOT	£6.8	24 (1)	2031	41	18	34	4	3.41	6	20%	16%	8.6	8	50	9	5.17	2	85.54	340	11	94
Tarkowski	(D)	EVE	£4.6	27 (0)	2429	18	4	16	4	1.78	1	9%	7%	3.7	2	17	4	1.91	1	85.13	464	6	83
Bruno G.	(M)	NEW	£5.8	26 (0)	2288	31	9	16	4	2.7	3	14%	14%	7.0	8	39	8	4.32	5	84.86	423	6	88
Onana	(G)	MUN	£4.8	27 (0)	2430	0	0	0	0	0	0	0%	0%	0.1	0	2	0	0.05	0	84.64	520	6	94
Leno	(G)	FUL	£4.8	27 (0)	2430	0	0	0	0	0	0	0%	0%	0.0	0	0	0	0	0	84.26	556	13	97
Garnacho	(M)	MUN	£5	25 (6)	1687	63	17	49	5	5.13	5	20%	24%	7.3	8	35	5	2.13	3	83.99	250	5	85
A.Doucoure	(M)	EVE	£5.5	21 (0)	1782	34	18	28	13	6.36	6	22%	32%	7.4	8	27	2	1.01	2	83.66	259	7	86
Wissa	(F)	BRE	£5.6	23 (3)	1751	49	18	42	12	7.18	6	22%	26%	8.6	8	19	4	1.37	2	83.43	253	8	78
Flekken	(G)	BRE	£4.5	26 (0)	2295	0	0	0	0	0	0	0%	3%	0.1	1	1	1	0.09	1	83.33	473	5	75
Hee Chan	(M)	WOL	£5.5	22 (3)	1623	36	13	31	12	6.18	10	29%	39%	8.6	13	15	4	2.43	3	82.79	287	10	105
Trossard	(M)	ARS	£6.5	23 (14)	934	38	12	25	9	5.19	7	15%	16%	6.8	9	13	2	1.66	2	82.57	226	8	85
Schär	(D)	NEW	£5.4	27 (0)	2354	29	8	16	4	2.24	3	7%	11%	3.4	6	7	2	1.19	3	82.31	503	10	96
Martinez	(G)	AVL	£5.3	26 (0)	2340	0	0	0	0	0	0	0%	0%	0.0	0	2	0	0.01	0	81.22	493	12	86
Tavernier	(M)	BOU	£5.4	23 (3)	1718	44	13	23	5	3.5	2	20%	18%	6.8	6	35	7	3.34	4	81.08	264	5	73
Dunk	(D)	BHA	£5.1	23 (0)	2017	28	9	22	3	2.97	3	13%	9%	5.1	4	11	1	2.12	1	80.61	377	7	60
Garner	(M)	EVE	£4.9	26 (1)	2238	31	10	11	1	2.16	1	13%	12%	5.2	3	34	8	3.01	2	80.27	336	3	67
Andersen	(D)	CRY	£4.7	27 (0)	2429	17	8	14	3	1.29	2	9%	12%	2.6	4	13	2	1.34	2	80.1	467	9	83
Szoboszlai	(M)	LIV	£7.1	22 (2)	1677	42	10	9	1	2.1	3	12%	15%	6.0	7	37	5	3.91	4	79.83	364	7	83
Vicario	(G)	TOT	£5.3	26 (0)	2340	0	0	0	0	0	0	0%	0%	0.0	0	0	0	0	0	79.77	497	8	81
Willian	(M)	FUL	£5.3	22 (4)	1502	37	16	20	6	4.46	4	24%	20%	7.3	7	31	4	2.86	3	79.72	297	6	76
Nørgaard	(M)	BRE	£5.3	25 (0)	2148	32	6	22	5	3.5	2	13%	9%	5.6	3	21	5	2.09	1	79.53	356	3	62
Pedro Porro	(D)	TOT	£5.7	23 (0)	2067	37	6	17	2	2.21	0	17%	16%	6.9	8	39	10	4.73	8	79.28	510	13	87
J.Ayew	(M)	CRY	£5.4	25 (1)	2069	39	16	25	6	3.5	4	21%	33%	5.9	10	23	6	2.39	6	79.27	267	3	88
Johnson	(M)	TOT	£5.8	23 (7)	1352	32	14	27	9	4.82	3	18%	22%	6.7	10	24	6	1.9	7	79.19	251	5	80
Andreas	(M)	FUL	£5.3	27 (3)	1886	34	9	10	2	1.84	1	16%	21%	5.5	8	59	5	3.69	7	79	299	3	83
Areola	(G)	WHU	£4.2	24 (0)	2114	0	0	0	0	0	0	0%	0%	0.0	0	0	0	0	0	78.75	475	11	99
Ogbene	(F)	LUT	£4.9	25 (9)	1635	29	12	22	3	3.45	3	20%	14%	6.7	5	24	5	3.2	2	78.65	323	7	66
McTominay	(M)	MUN	£4.6	24 (11)	1376	35	17	26	9	5.33	7	16%	22%	5.6	8	7	2	0.3	1	78.58	281	5	85
A.Becker	(G)	LIV	£5.8	21 (0)	1890	0	0	0	0	0	0	0%	0%	0.0	0	1	0	0	0	78.39	443	9	87
Neto	(G)	BOU	£4.6	24 (0)	2160	0	0	0	0	0	0	0%	0%	0.0	0	0	0	0.01	0	77.65	465	12	90
Gallagher	(M)	CHE	£5.4	25 (0)	2096	32	12	14	3	2.3	2	11%	16%	5.0	7	35	6	2.66	5	76.82	386	7	77
Akanji	(D)	MCI	£4.9	19 (1)	1587	10	4	5	1	0.88	2	5%	5%	2.0	2	6	0	1.09	0	76.66	348	6	69
Konsa	(D)	AVL	£4.5	24 (0)	2089	11	3	9	3	1.87	0	6%	2%	2.6	1	6	1	0.78	1	76.23	391	4	60
Sarabia	(M)	WOL	£4.7	20 (6)	1186	35	12	22	5	3.7	3	25%	30%	7.7	9	40	7	4.04	6	75.71	287	6	77
José Sá	(G)	WOL	£5	25 (0)	2138	0	0	0	0	0	0	0%	0%	0.0	0	0	0	0	0	75.59	408	5	74
Janelt	(M)	BRE	£5.3	27 (1)	2161	14	5	9	2	1.33	0	8%	8%	3.7	3	25	4	2.33	3	75.44	303	1	62
Gomez	(D)	LIV	£4.6	23 (10)	1357	13	1	8	0	0.75	0	2%	2%	1.4	1	18	1	0.6	1	74.98	297	2	63
Colwill	(D)	CHE	£4.7	23 (3)	1798	11	3	10	0	1.29	1	4%	5%	1.8	2	7	3	0.53	1	74.96	355	4	65
Foderingham	(G)	SHU	£4.5	25 (1)	2198	0	0	0	0	0	0	0%	0%	0.1	0	0	0	0.05	0	74.4	429	7	58
Longstaff	(M)	NEW	£4.8	24 (5)	1805	24	10	17	6	3.69	4	12%	13%	5.7	7	15	3	1.99	3	74.06	299	1	75
Harrison	(M)	EVE	£5.5	21 (2)	1674	23	8	13	4	3.28	3	16%	25%	5.4	6	21	5	2.11	3	74.03	235	5	76
Christie	(M)	BOU	£5	26 (1)	2036	25	11	11	0	1.21	0	12%	6%	4.7	2	29	7	3.48	2	74	267	3	57
Burn	(D)	NEW	£4.4	22 (1)	1763	15	5	15	4	2.61	2	8%	8%	3.6	4	8	3	0.98	2	73.7	343	4	73
Iwobi	(M)	FUL	£5.3	21 (5)	1455	40	14	22	5	4.01	4	22%	17%	6.1	5	28	2	2.11	1	73.67	266	6	67
Van Hecke	(D)	BHA	£4.1	22 (2)	1828	13	6	13	2	1.33	0	6%	0%	2.1	0	8	0	0.82	0	73.53	355	3	46
Mario Jr.	(M)	WOL	£4.9	24 (0)	2095	35	13	22	4	3.84	4	14%	12%	4.5	4	11	0	0.64	0	73.38	365	10	71
Pinnock	(D)	BRE	£4.5	23 (0)	2070	15	3	15	4	1.64	1	6%	3%	2.5	1	4	1	0.81	0	73.3	396	5	59
Kiwior	(D)	ARS	£4.3	15 (7)	708	6	3	4	3	0.74	1	3%	8%	1.2	4	4	1	0.5	3	73.28	200	1	51
Eze	(M)	CRY	£6	17 (3)	1229	49	20	23	6	5.05	6	37%	35%	7.7	8	33	3	2.62	2	73.22	268	5	73
Maupay	(F)	BRE	£4.9	24 (11)	1291	39	20	34	11	6.45	6	23%	30%	8.4	9	14	5	1.91	3	73.07	247	6	71
Digne	(D)	AVL	£4.6	22 (4)	1580	14	4	6	1	0.71	1	8%	8%	3.5	4	29	2	2.76	3	72.92	308	2	66
Amdouni	(F)	BUR	£5.3	26 (1)	1780	38	19	25	8	4.04	4	21%	21%	5.2	5	15	2	1.17	1	71.8	208	9	71
Disasi	(D)	CHE	£4.9	24 (0)	2137	12	4	11	2	1.26	2	6%	5%	2.6	2	2	0	1.38	0	71.42	396	6	65
Mykolenko	(D)	EVE	£4.6	22 (0)	1978	22	5	11	2	1.43	2	7%	12%	2.3	3	10	2	0.84	1	70.88	371	7	84
Kaminski	(G)	LUT	£4.5	26 (0)	2340	0	0	0	0	0	0	0%	0%	0.0	0	0	0	0.02	0	70.56	453	3	64
Gvardiol	(D)	MCI	£4.8	18 (2)	1473	18	8	9	2	1.03	0	6%	0%	2.1	0	11	1	1.12	0	70.43	280	1	44
Mitchell	(D)	CRY	£4.5	26 (0)	2259	4	2	3	2	0.49	1	6%	10%	1.8	3	12	3	1.26	2	70.42	375	6	72
L.Paquetá	(M)	WHU	£6	20 (0)	1675	25	6	20	3	3.17	2	23%	18%	6.7	7	29	8	3.54	5	70.33	271	5	67
Castagne	(D)	FUL	£4.5	24 (4)	1846	11	3	10	1	1.02	0	7%	3%	2.1	1	14	0	1.11	1	70.05	343	5	66
Kilman	(D)	WOL	£4.5	27 (0)	2430	9	6	8	3	1.64	2	7%	5%	2.5	2	11	2	0.86	0	69.94	438	3	70
Branthwaite	(D)	EVE	£4.2	24 (0)	2160	8	3	7	1	1.34	2	6%	7%	2.3	2	3	1	1	0	69.57	412	7	77
Maddison	(M)	TOT	£7.9	16 (0)	1319	37	18	20	4	3.44	3	28%	35%	7.8	12	42	8	4.39	9	69.24	318	8	83
Gakpo	(F)	LIV	£7.2	25 (13)	1146	41	16	28	9	6.12	5	12%	13%	6.9	8	13	1	0.74	3	69.07	237	6	68
Mitoma	(M)	BHA	£6.4	19 (4)	1488	34	15	31	9	3.49	3	21%	27%	7.0	10	25	6	3.56	7	68.94	252	7	74
Hamer	(M)	SHU	£4.9	25 (2)	1984	29	8	9	1	1.87	2	18%	23%	4.2	5	39	5	2.31	3	68.12	274	3	64
Robinson	(D)	FUL	£4.5	26 (0)	2292	10	4	4	2	0.55	0	9%	13%	3.1	5	26	5	2.52	5	68.02	468	5	73
Højlund	(F)	MUN	£7.1	20 (3)	1473	29	16	27	15	5.91	7	24%	33%	6.6	9	17	0	0.69	2	67.68	245	10	78
De Cordova-Reid	(M)	FUL	£5.3	24 (10)	1166	24	7	15	7	3.66	5	16%	24%	4.6	8	13	3	0.97	3	67.64	245	7	76
Barkley	(M)	LUT	£5	21 (2)	1697	47	9	15	2	2.79	3	19%	22%	5.0	7	37	6	2.16	4	67.26	357	4	69
Edouard	(F)	CRY	£5.4	21 (4)	1422	46	17	40	9	5.76	6	27%	25%	6.5	6	16	1	0.7	0	67.25	210	9	67
Roerslev	(D)	BRE	£4.4	23 (8)	1325	6	1	4	2	0.98	1	5%	8%	1.9	3	12	1	0.95	2	67.14	244	3	50
Diogo J.	(M)	LIV	£8.1	19 (6)	1053	36	17	33	7	4.41	9	14%	31%	6.1	15	20	3	1.71	6	67.12	295	5	97
Udogie	(D)	TOT	£4.9	22 (0)	1858	8	4	8	5	2.29	2	11%	10%	4.4	5	21	3	2.09	3	66.43	312	8	66
Kudus	(M)	WHU	£6.8	22 (6)	1499	39	12	19	4	2.94	6	18%	35%	5.2	12	17	3	2.29	6	66.33	322	11	95
Lerma	(M)	CRY	£4.7	22 (0)	1939	30	9	17	2	2.52	1	15%	7%	4.0	2	20	2	1.43	1	66.27	253	3	52
Brownhill	(M)	BUR	£4.7	25 (3)	1985	22	8	7	0	1.28	3	13%	17%	3.0	4	26	0	1.76	1	66.24	307	0	60
Neto	(M)	WOL	£5.8	18 (1)	1461	34	11	26	2	3.09	2	27%	50%	6.7	13	38	8	3.64	11	65.66	303	8	84
Gilmour	(M)	BHA	£4.9	25 (5)	1781	23	5	3	0	0.86	0	7%	6%	3.0	3	20	3	2.15	3	65.42	310	4	54
Wilson	(M)	FUL	£5.3	25 (12)	1321	30	10	14	1	2.37	3	15%	22%	4.6	8	17	5	2.21	5	65.14	234	3	69
Dalot	(D)	MUN	£5.2	25 (1)	2183	20	3	9	0	0.85	1	7%	8%	2.6	3	24	2	1.71	2	64.63	455	10	77
T.Silva	(D)	CHE	£5	23 (1)	1983	9	3	9	0	0.36	2	2%	5%	0.8	2	6	2	0.45	0	64.36	443	7	66
Zabarnyi	(D)	BOU	£4.4	26 (0)	2340	6	1	6	1	0.48	0	2%	0%	0.9	0	5	0	0.42	0	64.01	402	1	55
Guéhi	(D)	CRY	£4.3	22 (0)	1914	5	0	5	0	0.58	0	6%	4%	1.5	1	5	1	0.96	1	63.99	360	6	58
Ferguson	(F)	BHA	£5.8	25 (11)	1298	33	20	24	6	4.49	6	12%	15%	5.3	7	6	1	0.77	1	63.98	212	5	67
McAtee	(M)	SHU	£4.4	23 (5)	1557	22	7	14	2	2.36	3	16%	29%	3.7	6	20	3	1.35	3	63.95	200	0	64
Dawson	(D)	WOL	£4.5	25 (0)	2211	16	5	14	2	1.58	1	6%	6%	2.0	2	9	2	0.42	1	63.92	421	6	69
Mac Allister	(M)	LIV	£5.8	22 (1)	1730	20	4	3	1	1.04	2	8%	11%	4.1	6	27	2	3.1	4	63.84	329	5	64
Doherty	(D)	WOL	£4.3	20 (17)	569	5	2	4	1	0.59	1	4%	3%	1.1	1	7	1	0.52	0	62.97	109	1	30
Adingra	(M)	BHA	£5	20 (5)	1368	31	14	22	6	2.97	6	14%	19%	4.7	7	19	3	1.71	1	62.69	240	8	74
Berge	(M)	BUR	£4.7	26 (3)	2015	17	3	11	2	1.66	1	9%	8%	2.2	2	14	1	0.58	1	62.58	265	3	52
G.Jesus	(F)	ARS	£7.8	18 (5)	1125	42	17	40	9	5.35	4	21%	21%	7.5	8	23	4	2.13	4	62.55	212	10	64
Senesi	(D)	BOU	£4.6	23 (4)	1660	7	3	5	2	0.93	3	8%	15%	2.8	5	13	1	1.86	2	62.46	329	8	69
Mateta	(F)	CRY	£4.9	24 (10)	1419	22	11	21	4	3.88	4	19%	31%	4.9	9	22	4	0.99	5	62.38	218	5	73
Adebayo	(F)	LUT	£4.9	24 (10)	1160	28	12	27	10	4.93	9	19%	30%	5.4	10	15	0	0.44	1	62.26	264	6	80
Sarr	(M)	TOT	£4.4	22 (4)	1361	29	12	17	5	2.48	3	9%	11%	3.6	5	16	1	1.16	2	62.26	291	4	65
Jensen	(M)	BRE	£5.4	22 (3)	1468	12	6	4	0	0.59	3	10%	21%	3.9	7	27	7	3.3	4	61.51	311	8	77
Lewis-Potter	(M)	BRE	£4.7	20 (11)	912	23	10	18	7	3.3	2	14%	15%	4.5	4	9	2	1.18	2	61.37	132	1	47
Aït-Nouri	(D)	WOL	£4.5	23 (3)	1626	13	1	8	3	1.55	0	9%	5%	3.0	2	19	1	1.45	2	61.37	251	4	47
Johnstone	(G)	CRY	£4.4	19 (0)	1707	0	0	0	0	0	0	0%	0%	0.0	0	0	0	0	0	61.37	300	7	66
Doku	(M)	MCI	£6.4	19 (5)	1180	32	9	25	0	1.37	2	13%	15%	5.5	7	34	4	4.11	5	61.13	270	9	61
Pau	(D)	AVL	£4.6	20 (2)	1653	9	4	7	4	0.88	2	4%	4%	1.4	2	7	1	0.55	0	60.98	326	4	64
Wilson	(F)	NEW	£7.8	16 (8)	858	31	18	29	13	7.5	7	24%	22%	7.8	8	7	1	0.31	1	60.34	187	4	57
Young	(D)	EVE	£4.4	20 (1)	1520	9	1	2	0	0.44	0	5%	0%	1.8	0	17	4	1.34	0	60.05	229	2	42
Livramento	(D)	NEW	£4.1	20 (13)	878	2	1	2	1	0.21	1	2%	2%	0.6	1	6	1	0.43	0	59.91	182	4	37
Murillo	(D)	NFO	£4.5	21 (0)	1819	9	3	8	1	1.13	0	6%	4%	1.7	1	6	2	0.54	1	59.69	321	1	42
Cairney	(M)	FUL	£4.9	25 (12)	1209	12	5	6	1	0.74	1	9%	15%	3.0	6	18	5	2.23	5	59.67	296	2	59
Vini Souza	(M)	SHU	£5	26 (1)	2127	10	4	4	0	0.44	1	4%	9%	0.8	2	4	1	0.41	1	59.67	295	4	59
Doughty	(D)	LUT	£4.7	25 (3)	1914	20	3	15	1	1	1	14%	25%	4.8	9	53	7	3.81	8	59.58	396	11	79
Romero	(D)	TOT	£4.9	21 (0)	1712	13	6	11	3	1.47	4	6%	9%	2.4	4	5	0	0.89	0	59.54	395	13	78
Archer	(F)	SHU	£4.3	22 (6)	1454	29	9	20	6	3.72	4	18%	25%	4.5	6	18	5	0.77	2	59.43	206	9	66
Wood	(F)	NFO	£4.8	20 (11)	865	22	12	20	8	5.44	8	23%	36%	5.7	9	16	2	0.3	1	59.35	293	12	75
Collins	(D)	BRE	£4.5	22 (3)	1750	8	1	8	3	1.16	1	5%	6%	1.9	2	7	4	0.69	1	59.25	325	5	53
Konaté	(D)	LIV	£4.9	19 (5)	1328	8	2	8	0	0.45	0	2%	0%	0.9	0	8	1	0.41	0	59.04	281	2	51
N.Semedo	(D)	WOL	£4.5	26 (0)	2263	12	3	8	1	0.51	0	4%	3%	1.5	1	16	1	1.03	1	58.97	364	0	55
Onana	(M)	EVE	£4.7	21 (4)	1573	22	5	12	3	1.92	2	10%	9%	3.1	2	15	4	1.14	0	58.94	240	5	53
Kluivert	(M)	BOU	£4.6	21 (5)	1175	28	9	20	6	2.74	4	12%	14%	3.9	4	17	1	1.11	0	58.81	142	2	58
Billing	(M)	BOU	£5.1	21 (9)	1219	23	5	13	2	2.08	2	14%	17%	3.8	5	18	3	1.76	3	58.6	190	3	50
Schlupp	(M)	CRY	£4.8	20 (3)	1235	17	9	9	2	1.58	1	12%	8%	2.8	2	15	1	1.22	1	58.55	140	1	47
Toti	(D)	WOL	£4.4	24 (3)	1831	7	2	7	2	0.95	0	4%	5%	1.2	2	3	1	0.26	2	58.49	322	3	58
Emerson	(D)	WHU	£4.4	26 (1)	2273	15	3	9	1	1.14	1	8%	9%	3.0	4	20	2	1.82	3	58.1	424	8	73
Williams	(D)	NFO	£4.3	18 (8)	972	6	1	2	1	0.3	0	6%	4%	1.5	1	8	1	1.24	1	57.91	143	2	29
Gusto	(D)	CHE	£4.2	19 (5)	1281	8	1	2	1	0.48	0	7%	15%	2.7	5	20	8	2.2	5	57.77	294	7	52
Vitinho	(D)	BUR	£4.4	21 (4)	1516	13	1	9	1	0.99	0	8%	0%	1.6	0	6	0	0.6	0	57.19	161	0	34
Elliott	(M)	LIV	£4.8	23 (18)	734	28	9	6	0	1.25	2	8%	12%	3.9	6	20	3	2.6	4	57.16	231	6	57
Yates	(M)	NFO	£4.8	24 (12)	1251	17	4	11	2	1.84	0	7%	0%	2.3	0	3	1	0.45	0	56.94	119	1	34
Nketiah	(F)	ARS	£5.1	24 (14)	1045	36	11	33	7	4.52	5	10%	16%	5.0	9	9	2	0.52	4	56.87	205	5	68
Sanchez	(G)	CHE	£4.5	16 (0)	1434	0	0	0	0	0	0	0%	0%	0.0	0	0	0	0	0	56.4	317	7	59
João Gomes	(M)	WOL	£4.9	23 (2)	1731	18	5	7	1	1.13	2	6%	11%	2.1	4	12	2	1	2	56.25	261	3	59
Pope	(G)	NEW	£5.3	14 (0)	1256	1	0	1	0	0.02	0	0%	0%	0.0	0	0	0	0	0	55.94	268	1	56
Raúl	(F)	FUL	£5	19 (2)	1251	36	15	30	6	4.64	5	22%	20%	5.3	5	9	3	0.7	0	55.71	176	10	55
Mudryk	(M)	CHE	£6.3	20 (11)	889	16	4	10	5	2.35	3	11%	21%	4.1	7	15	2	1.73	4	55.53	168	4	60
Ajer	(D)	BRE	£4.4	19 (7)	1116	6	1	6	0	0.74	0	8%	3%	2.7	1	9	4	1.97	1	55.34	171	1	29
Ward	(D)	CRY	£4.5	19 (0)	1606	9	0	4	1	0.7	0	4%	5%	0.9	1	3	0	0.23	1	54.82	242	0	45
Davies	(D)	TOT	£4.3	16 (5)	998	12	2	10	4	2.34	1	10%	6%	2.9	2	4	0	0.55	1	54.71	201	0	31
R.Varane	(D)	MUN	£4.9	18 (5)	1170	8	2	8	1	0.81	1	4%	4%	1.2	1	1	0	0.35	0	54.66	233	2	36
Awoniyi	(F)	NFO	£6.3	16 (4)	1012	22	11	20	10	4.85	6	32%	45%	5.8	9	10	2	0.9	3	54.41	236	5	63
Antony	(M)	MUN	£6.8	21 (10)	946	26	6	13	1	1.5	0	10%	0%	2.9	0	16	5	1.35	0	54.13	116	0	31
Coufal	(D)	WHU	£4.6	25 (0)	2213	2	0	0	0	0.04	0	6%	14%	2.1	6	26	4	2.03	6	54.11	403	7	68
Zouma	(D)	WHU	£4.5	23 (0)	1998	14	6	14	2	1.6	2	5%	5%	1.6	2	2	0	0.02	0	53.79	315	4	57
Álvarez	(M)	WHU	£5	23 (1)	1839	15	3	7	1	1.27	1	6%	5%	1.9	2	9	0	0.62	1	53.48	276	3	51
Caicedo	(M)	CHE	£4.5	23 (2)	1854	6	1	0	0	0.23	0	3%	2%	1.3	1	14	2	1.03	1	53.46	270	0	44
Patterson	(D)	EVE	£4.3	19 (10)	955	4	0	2	1	0.34	0	4%	10%	1.4	2	8	3	1.02	2	53.32	181	3	34
Tielemans	(M)	AVL	£5.6	23 (14)	993	8	4	4	1	0.92	1	6%	10%	2.5	5	12	3	1.55	4	53.26	190	0	49
J.Palhinha	(M)	FUL	£5	22 (1)	1853	24	9	15	2	1.65	3	8%	14%	2.2	4	9	0	0.52	1	53.15	268	7	63
Norwood	(M)	SHU	£4.8	23 (7)	1394	15	6	1	1	1.1	1	11%	5%	2.3	1	15	1	1.22	0	52.52	221	3	40
Turner	(G)	NFO	£3.9	17 (0)	1530	0	0	0	0	0	0	0%	0%	0.0	0	0	0	0	0	52.33	281	0	42
Olise	(M)	CRY	£5.6	11 (3)	755	31	10	21	3	3.12	6	42%	56%	6.0	9	22	5	2.86	3	51.87	269	14	72
L.Cook	(M)	BOU	£5	21 (1)	1715	5	2	1	0	0.12	0	6%	11%	1.9	3	26	2	1.82	3	51.85	283	5	51
Tomiyasu	(D)	ARS	£4.5	13 (8)	630	8	2	5	0	0.48	1	4%	8%	0.9	2	2	0	0.41	1	51.81	147	3	39
Stones	(D)	MCI	£5.3	13 (3)	863	3	1	1	0	0.23	0	2%	0%	0.6	0	5	0	0.34	0	51.63	195	1	41
Semenyo	(F)	BOU	£4.5	22 (6)	1252	42	20	28	4	2.66	5	11%	24%	3.8	8	17	5	1.18	3	51.23	230	8	68
Dominguez	(M)	NFO	£5	18 (1)	1285	19	5	15	2	1.2	2	9%	17%	2.3	4	8	2	1.06	2	51.19	230	6	59
Odobert	(M)	BUR	£5	18 (4)	1170	27	8	13	1	1.45	3	20%	42%	3.3	5	16	3	1.83	2	50.79	200	3	55
Veltman	(D)	BHA	£4.3	19 (9)	1035	3	2	2	0	0.23	0	2%	3%	0.6	1	3	1	0.4	1	50.61	184	0	23
Kovačić	(M)	MCI	£4.7	19 (9)	947	13	3	3	1	0.72	0	5%	0%	1.9	0	11	3	1.17	0	50.56	183	0	32
Welbeck	(F)	BHA	£5.7	18 (4)	1006	28	12	20	9	3.39	3	13%	17%	4.5	6	11	3	1.11	3	50	166	4	51
Robinson	(D)	SHU	£4.3	26 (2)	2233	8	3	7	2	0.83	0	6%	5%	1.5	1	8	1	0.66	1	49.58	299	1	21
Hudson-Odoi	(M)	NFO	£4.7	18 (7)	1049	15	8	9	1	1.23	4	10%	29%	2.4	6	19	3	1.16	2	49.26	216	11	66
Mee	(D)	BRE	£4.8	16 (1)	1276	10	2	9	2	1.57	2	10%	14%	2.4	3	6	0	0.78	1	49.09	210	3	39
Gravenberch	(M)	LIV	£5	19 (10)	846	15	6	6	1	1.53	0	5%	0%	2.4	0	11	1	0.91	0	49	107	0	28
Beto	(F)	EVE	£5.7	22 (16)	677	34	9	27	9	4.43	2	13%	7%	4.6	2	10	3	0.18	0	49	63	0	32
Van de Ven	(D)	TOT	£4.4	17 (0)	1483	5	1	4	1	0.35	1	2%	3%	0.6	1	1	0	0.22	0	48.97	329	4	51
Maguire	(D)	MUN	£4.2	16 (3)	1155	13	2	13	3	1.6	1	9%	17%	2.5	4	6	2	0.91	3	48.88	251	4	56
Chong	(M)	LUT	£4.7	21 (12)	1026	21	5	15	3	1.59	2	10%	15%	2.6	4	7	0	0.99	2	48.79	118	0	43
Højbjerg	(M)	TOT	£5.2	25 (19)	977	12	3	2	0	0.41	0	4%	0%	1.6	0	4	1	1.23	0	48.65	160	0	29
Smith	(D)	BOU	£4.4	17 (3)	1277	0	0	0	0	0	0	3%	7%	0.9	2	7	1	0.9	2	48.61	217	0	45
N.Aguerd	(D)	WHU	£4.4	19 (0)	1687	14	4	12	3	1.37	1	7%	4%	1.7	1	3	0	0.37	0	48.51	250	0	34
Jones	(M)	LIV	£4.9	17 (5)	956	15	5	10	1	1.9	1	7%	5%	2.7	2	8	1	0.77	1	48.5	152	2	34
Kamara	(M)	AVL	£5	20 (0)	1659	5	1	3	0	0.13	0	4%	2%	1.5	1	20	1	1.39	1	48.41	247	1	40
Bruun Larsen	(M)	BUR	£4.8	21 (16)	542	18	5	8	1	1.44	2	10%	11%	1.9	2	12	0	0.5	0	48.22	104	0	36
Kerkez	(D)	BOU	£4.4	20 (5)	1405	7	1	4	0	0.3	0	3%	4%	0.9	1	6	1	0.57	1	48.2	206	1	42
Boly	(D)	NFO	£4.5	15 (2)	999	11	5	10	2	1.33	1	12%	6%	2.0	1	5	2	0.66	0	47.53	192	3	37
Bissouma	(M)	TOT	£5	18 (1)	1402	18	4	5	1	0.95	0	7%	0%	2.3	0	7	0	1.33	0	47.51	205	0	29
Toffolo	(D)	NFO	£4.4	16 (4)	1147	8	5	5	2	1.1	1	12%	24%	2.2	4	18	3	1.13	3	47.23	217	3	44
Steele	(G)	BHA	£4.2	15 (0)	1350	0	0	0	0	0	0	0%	0%	0.0	0	0	0	0	0	47.03	270	5	41
Bell	(D)	LUT	£3.9	21 (0)	1722	2	2	1	1	0.38	0	3%	0%	0.8	0	8	0	0.43	0	47.01	263	3	35
Gudmundsson	(M)	BUR	£4.8	19 (7)	1053	10	3	8	2	0.87	0	16%	11%	3.0	2	31	4	2.14	2	46.91	146	0	33
Alex Moreno	(D)	AVL	£5.2	14 (5)	841	7	4	6	3	1.08	2	8%	7%	2.0	2	11	1	0.95	0	46.9	167	5	37
Koleosho	(M)	BUR	£4.8	15 (2)	984	23	5	14	3	1.96	1	22%	20%	3.0	3	11	2	1.07	2	46.61	80	0	40
O'Shea	(D)	BUR	£4.4	23 (1)	2017	13	3	13	1	0.5	1	5%	18%	1.1	4	9	2	0.55	3	46.6	335	1	42
Robertson	(D)	LIV	£6.4	14 (3)	1034	4	3	4	2	0.68	1	8%	6%	2.6	2	32	4	1.88	1	46.45	251	3	35
C.Richards	(D)	CRY	£3.9	18 (3)	1371	6	1	6	1	0.31	1	2%	4%	0.4	1	3	0	0.13	0	46.44	207	2	31
J.Ramsey	(M)	AVL	£5.9	16 (8)	850	19	5	13	2	2.09	1	12%	5%	3.5	2	10	1	1.38	1	46.36	101	0	29
Hughes	(M)	CRY	£4.9	20 (5)	1307	4	2	1	0	0.17	0	7%	0%	1.4	0	17	1	1.2	0	46.28	158	0	35
Mangala	(M)	NFO	£5	20 (1)	1569	10	1	6	1	0.77	1	5%	5%	1.1	1	6	0	0.28	0	46.27	186	0	40
Townsend	(M)	LUT	£5	17 (7)	839	17	6	3	1	1.38	1	13%	15%	2.9	4	12	2	1.49	3	46.13	150	3	45
Sinisterra	(M)	BOU	£5.5	17 (12)	580	20	7	15	2	1.99	2	11%	17%	2.8	4	14	2	0.85	2	46.08	130	2	40
Estupiñan	(D)	BHA	£5	15 (4)	976	10	6	5	2	0.98	2	10%	16%	3.1	5	25	4	2.12	3	46.04	231	7	48
McBurnie	(F)	SHU	£5.4	15 (5)	840	21	11	21	8	3.92	4	35%	43%	5.1	6	8	2	1.2	2	45.02	140	5	42
Joelinton	(M)	NEW	£5.8	16 (2)	1138	15	7	9	4	2.2	2	9%	11%	2.9	3	18	3	0.67	1	44.99	180	3	41
Bassey	(D)	FUL	£4.4	18 (4)	1310	3	2	3	0	0.23	1	1%	3%	0.3	1	2	0	0.1	0	44.93	246	2	39
Onyeka	(M)	BRE	£4.9	20 (11)	1000	21	8	13	2	1.8	0	10%	8%	3.2	2	11	2	1.4	2	44.89	106	0	28
Miley	(M)	NEW	£4.5	16 (2)	1195	13	3	10	2	1.22	1	8%	10%	2.3	3	11	3	1.08	2	44.87	218	1	40
Igor	(D)	BHA	£4.3	15 (4)	987	2	0	1	0	0.1	0	1%	0%	0.3	0	4	0	0.23	0	44.86	164	1	16
Danilo	(M)	NFO	£5.3	20 (9)	1060	14	4	3	1	0.58	1	5%	3%	1.2	1	5	1	0.64	0	44.74	159	2	35
Reguilón	(D)	BRE	£4.4	16 (6)	923	12	2	8	0	0.74	0	9%	18%	2.0	3	14	2	1.3	3	44.69	184	5	40
Mpanzu	(M)	LUT	£4.7	20 (12)	826	10	1	4	1	0.53	0	8%	0%	1.9	0	5	1	1.37	0	44.68	80	0	28
Diego Carlos	(D)	AVL	£4.4	17 (4)	1158	5	1	5	0	0.58	0	3%	0%	0.9	0	4	0	0.29	0	44.67	222	1	38
Bellegarde	(M)	WOL	£4.9	18 (10)	794	14	5	10	1	1.15	2	8%	11%	1.9	3	11	1	0.75	1	44.64	129	1	37
Tsimikas	(D)	LIV	£4.5	12 (4)	671	3	0	1	0	0.09	0	5%	12%	1.4	3	16	2	1.26	3	44.52	199	4	47
Reed	(M)	FUL	£4.5	21 (9)	1075	7	1	1	0	0.19	0	4%	3%	1.1	1	9	0	0.89	1	44.33	147	0	37
Buonanotte	(M)	BHA	£4.7	19 (7)	946	16	7	11	3	1.8	3	9%	13%	2.7	4	17	4	0.86	1	43.76	122	1	43
Evans	(D)	MUN	£4	17 (6)	1000	1	0	1	0	0.06	0	1%	4%	0.3	1	4	1	0.25	1	43.67	214	3	38
Grealish	(M)	MCI	£7.2	14 (7)	703	16	5	13	3	1.93	3	14%	12%	4.0	4	20	3	2.06	1	42.56	166	6	41
Ream	(D)	FUL	£4.5	17 (1)	1415	1	1	1	1	0.96	1	5%	5%	1.1	1	0	0	0.16	0	42.54	252	4	39
Brown	(F)	LUT	£4.9	19 (7)	1020	26	7	22	4	2.81	2	15%	11%	3.3	3	8	1	0.44	1	42.52	115	3	39
Danjuma	(M)	EVE	£5.2	14 (9)	587	25	9	17	6	2.63	1	13%	12%	3.0	1	6	1	0.42	0	42.36	53	0	26
Eriksen	(M)	MUN	£5.8	16 (7)	885	9	4	3	1	0.72	1	13%	11%	2.8	2	18	2	2.04	1	42.36	186	4	35
Ahmedhodžić	(D)	SHU	£4.3	21 (1)	1819	15	3	12	5	2.41	1	13%	6%	2.5	1	1	0	0.13	0	42.28	219	4	23
Lindelof	(D)	MUN	£4.5	17 (5)	1173	4	2	4	0	0.33	1	3%	8%	0.7	2	8	0	0.41	1	42.21	232	3	46
Casemiro	(M)	MUN	£5.3	14 (0)	1090	24	5	14	4	2.45	1	13%	9%	3.0	2	10	1	0.56	1	42.05	160	0	32
Lamptey	(D)	BHA	£3.9	12 (5)	563	5	0	2	1	0.28	0	4%	12%	0.8	3	5	0	0.47	3	42.01	113	0	24
Ansu Fati	(M)	BHA	£6.4	14 (12)	410	20	9	17	6	3.13	2	17%	11%	3.6	3	6	1	0.48	1	41.8	76	1	29
Bogle	(D)	SHU	£4.5	23 (2)	1849	17	4	13	1	1.41	1	11%	18%	2.2	3	8	0	0.79	2	41.62	218	0	33
O.Dango	(M)	BOU	£4.7	18 (13)	528	14	2	10	1	1.26	0	7%	0%	1.8	0	8	0	0.53	0	41.49	85	0	21
Taylor	(D)	BUR	£4	19 (1)	1633	7	1	1	0	0.13	1	6%	12%	1.1	2	8	4	0.93	1	41.19	250	1	36
Muniz	(F)	FUL	£4.5	15 (7)	782	33	11	29	5	3.03	5	22%	38%	3.8	6	11	1	0.79	1	41.11	169	9	54
Trusty	(D)	SHU	£3.9	21 (3)	1682	5	1	4	1	0.26	0	3%	0%	0.6	0	4	2	0.29	0	40.77	223	0	20
Niakhaté	(D)	NFO	£4.5	16 (4)	1158	5	1	5	1	1.3	1	7%	4%	1.5	1	3	0	0.23	0	40.72	199	1	25
Botman	(D)	NEW	£4.5	16 (2)	1288	9	2	9	1	0.57	2	3%	10%	1.1	4	5	2	0.51	2	40.59	285	4	50
Dubravka	(G)	NEW	£4.2	13 (1)	1084	0	0	0	0	0	0	0%	0%	0.0	0	1	0	0	0	40.59	249	1	42
Rodriguez	(F)	BUR	£5.3	16 (9)	726	18	7	14	6	3.33	2	24%	21%	3.4	3	4	0	0.07	1	40.56	107	3	36
Petrović	(G)	CHE	£4.5	11 (1)	906	0	0	0	0	0	0	0%	0%	0.0	0	0	0	0	0	40.52	196	3	35
Verbruggen	(G)	BHA	£4.4	12 (0)	1080	0	0	0	0	0	0	0%	0%	0.0	0	0	0	0	0	40.52	215	2	30
Jorginho	(M)	ARS	£5.3	17 (10)	658	4	0	0	0	0.1	0	3%	2%	1.0	1	7	1	0.9	1	40.39	125	0	28
Gana	(M)	EVE	£4.8	18 (1)	1307	20	3	6	1	1.03	1	5%	5%	1.6	1	10	1	0.58	0	40.3	192	2	33
Lascelles	(D)	NEW	£4	15 (3)	1063	6	1	6	2	0.74	1	3%	4%	0.9	1	2	0	0.12	0	39.95	209	3	45
Foster	(F)	BUR	£4.7	14 (1)	1133	20	9	16	4	2	4	20%	47%	2.6	7	10	1	0.58	3	39.77	166	4	52
E.Royal	(D)	TOT	£4.3	18 (9)	953	5	3	1	0	0.19	1	3%	3%	0.9	1	2	1	0.75	0	38.88	200	4	26
Endo	(M)	LIV	£5.4	19 (8)	998	8	2	2	0	0.32	1	3%	2%	1.6	1	11	2	1.23	0	38.69	145	0	30
Hinshelwood	(M)	BHA	£4.5	12 (4)	869	14	8	14	4	2.1	3	12%	17%	2.5	3	8	1	0.36	0	38.56	155	5	42
Chilwell	(D)	CHE	£5.4	12 (3)	746	11	3	8	2	1.08	0	13%	7%	2.7	1	14	3	1.62	1	38.1	111	2	20
Doyle	(M)	WOL	£4.4	18 (12)	724	6	2	0	0	0.19	0	3%	0%	0.8	0	3	1	0.64	0	38.07	129	0	25
Lallana	(M)	BHA	£4.9	19 (9)	651	5	2	3	0	0.31	0	6%	3%	1.7	1	12	2	1.37	1	37.83	79	0	23
Al-Dakhil	(D)	BUR	£3.8	13 (1)	1055	8	3	5	1	1.28	1	15%	10%	1.8	1	2	0	0.54	0	37.8	127	0	19
Antonio	(F)	WHU	£5.7	15 (3)	922	10	4	8	3	1.8	2	13%	14%	3.0	4	6	1	1.17	2	36.62	114	4	40
Mengi	(D)	LUT	£3.9	19 (2)	1581	8	3	5	1	0.42	1	4%	3%	0.9	1	4	0	0.5	0	36.54	221	1	30
Benrahma	(M)	WHU	£5.6	13 (8)	616	19	6	10	2	1.91	0	14%	5%	2.7	1	11	2	0.77	1	35.96	64	0	20
Burke	(D)	LUT	£4	12 (2)	856	11	4	8	3	1.79	0	10%	11%	2.0	2	7	2	0.21	2	35.7	134	0	24
Milner	(M)	BHA	£4.8	15 (4)	778	5	1	3	0	0.29	0	9%	8%	2.5	2	16	2	2.18	2	35.69	146	0	28
Zaniolo	(M)	AVL	£5.4	18 (11)	552	19	5	15	3	1.68	1	7%	3%	2.3	1	8	0	0.58	0	35.62	5	0	20
Brooks	(M)	BOU	£4.7	13 (11)	273	13	5	8	4	2.45	1	16%	12%	2.9	2	8	2	0.47	1	34.86	71	2	23
R.Lewis	(D)	MCI	£4.2	10 (5)	454	2	2	1	1	0.31	1	4%	4%	0.7	1	5	2	0.43	0	34.81	121	1	32
Beyer	(D)	BUR	£3.9	15 (0)	1238	5	0	5	0	0.56	0	6%	6%	0.8	1	3	1	0.19	1	34.71	236	4	30
Matheus N.	(M)	MCI	£4.7	13 (5)	682	4	2	3	1	0.41	0	8%	8%	1.9	2	10	2	1.51	2	34.7	101	1	25
H.Bueno	(D)	WOL	£4.4	14 (10)	424	4	0	3	0	0.29	0	3%	0%	0.6	0	4	1	0.28	0	34.52	84	0	21
Aina	(D)	NFO	£4.5	14 (2)	994	6	1	0	0	0.17	1	3%	10%	0.6	2	5	0	0.43	1	34.13	162	2	34
Yarmoliuk	(M)	BRE	£4.3	16 (12)	419	6	3	4	2	0.7	0	4%	0%	1.1	0	2	0	0.45	0	33.88	54	0	18
Kelly	(D)	BOU	£4.5	14 (2)	1013	2	1	2	0	0.19	0	2%	0%	0.4	0	5	0	0.18	0	33.82	172	3	25
Ghoddos	(M)	BRE	£4.5	16 (9)	698	9	2	3	0	0.3	1	5%	5%	1.2	1	9	2	0.94	0	33.5	114	0	23
Lukić	(M)	FUL	£4.3	15 (9)	572	6	1	3	1	0.73	0	6%	0%	1.1	0	5	0	0.33	0	33.34	67	0	21
Diop	(D)	FUL	£4.4	15 (2)	1156	4	1	3	0	0.18	0	3%	0%	0.6	0	0	0	0.4	0	33.06	219	3	38
Tosin	(D)	FUL	£4.3	13 (2)	992	9	3	7	0	0.38	1	3%	4%	0.5	1	1	0	0.14	0	32.65	207	2	43
Toney	(F)	BRE	£8.2	8 (0)	720	24	12	15	9	3.12	4	34%	38%	3.9	5	5	2	0.73	1	32.49	123	4	37
Aurier	(D)	NFO	£4.5	12 (2)	834	6	1	4	0	0.16	0	5%	15%	0.6	2	4	1	0.45	2	32.48	137	3	27
Broja	(F)	FUL	£4.9	16 (10)	490	13	2	13	4	2.24	1	9%	6%	2.5	2	3	0	0.22	1	32.44	50	0	27
Aarons	(D)	BOU	£4.4	14 (2)	1084	1	0	0	0	0.02	0	5%	8%	0.9	1	7	2	0.87	1	32.09	174	0	23
Skipp	(M)	TOT	£4.5	17 (13)	571	3	1	2	1	0.72	0	3%	0%	1.0	0	7	0	0.32	0	32.01	87	0	18
Kaboré	(D)	LUT	£4	17 (3)	1157	6	1	5	0	0.22	0	8%	10%	1.7	2	10	4	1.44	2	31.84	146	3	26
Matip	(D)	LIV	£4.8	10 (1)	783	5	0	5	1	0.48	0	3%	0%	0.6	0	2	0	0.11	0	31.81	145	0	21
Cullen	(M)	BUR	£5	14 (2)	1078	6	1	2	0	0.17	0	10%	10%	1.2	1	9	1	1.04	1	31.49	153	0	23
M.Trésor	(M)	BUR	£5.3	14 (11)	401	5	0	3	1	0.37	0	7%	0%	0.9	0	7	1	0.54	0	31.06	68	0	18
Mainoo	(M)	MUN	£4.4	13 (0)	1035	5	2	1	0	0.19	1	5%	5%	0.9	1	7	0	0.7	0	30.63	156	3	33
March	(M)	BHA	£6.1	7 (0)	558	14	6	8	4	2.1	3	21%	25%	3.1	4	7	2	0.97	1	30.24	134	6	39
P.Fornals	(M)	WHU	£4.6	15 (11)	419	7	3	4	0	0.31	0	3%	0%	0.7	0	5	1	0.34	0	30.12	68	0	19
Smith Rowe	(M)	ARS	£5.3	10 (8)	229	10	6	7	1	1.35	0	7%	3%	1.7	1	2	0	0.35	1	29.94	47	0	17
A.Ramsey	(M)	BUR	£5	14 (9)	524	6	2	5	0	0.35	0	6%	0%	0.8	0	1	1	0.48	0	29.43	62	0	18
Sambi	(M)	LUT	£4.9	12 (1)	877	7	1	2	0	0.27	0	5%	10%	0.9	2	7	1	0.64	2	29.21	146	1	28
Webster	(D)	BHA	£4.2	10 (1)	767	5	1	5	0	0.37	0	3%	0%	0.6	0	4	0	0.25	0	29.18	142	0	13
Madueke	(M)	CHE	£5.3	12 (8)	344	10	4	8	1	1.17	2	9%	12%	1.8	2	7	0	0.64	0	29.17	85	1	24
Damsgaard	(M)	BRE	£4.8	13 (11)	353	4	3	4	1	0.46	0	5%	11%	1.0	2	7	3	0.51	2	29.15	80	0	22
De Bruyne	(M)	MCI	£10.6	8 (3)	424	16	3	5	1	0.9	1	16%	26%	2.9	5	24	6	2.03	4	29.12	138	4	33
Lenglet	(D)	AVL	£4.5	10 (0)	872	6	1	5	1	0.71	0	6%	5%	1.2	1	2	1	0.51	1	28.99	172	0	24
C.Doucouré	(M)	CRY	£4.9	11 (0)	921	6	2	2	0	0.28	0	8%	0%	1.0	0	10	1	0.76	0	28.93	141	0	21
Baleba	(M)	BHA	£4.5	16 (8)	673	10	2	2	0	0.45	0	2%	0%	0.6	0	5	0	0.1	0	28.88	90	0	16
Roberts	(D)	BUR	£4.3	14 (6)	819	0	0	0	1	0	0	3%	7%	0.3	1	7	0	0.35	1	28.87	111	0	12
Nakamba	(M)	LUT	£4.3	13 (0)	1134	5	0	2	0	0.18	0	5%	0%	0.7	0	7	0	0.49	0	28.26	131	0	21
Mavropanos	(D)	WHU	£4.5	12 (3)	901	6	1	6	1	0.57	1	4%	5%	0.6	1	1	0	0.06	0	28.21	161	3	34
Giles	(D)	LUT	£4.2	11 (6)	501	2	2	2	0	0.12	0	7%	0%	0.7	0	5	0	0.56	0	28.09	81	0	11
Wan-Bissaka	(D)	MUN	£4.4	12 (2)	884	2	1	0	0	0.07	0	7%	6%	1.1	1	5	1	1.03	1	27.93	188	5	29
Barnes	(M)	NEW	£6.2	11 (8)	355	12	4	7	1	1.28	2	11%	10%	2.1	3	2	2	0.87	1	27.85	77	2	28
Lo Celso	(M)	TOT	£4.8	12 (8)	417	8	4	2	0	0.42	2	6%	16%	1.4	4	12	0	1.02	2	27.83	148	6	38
Scott	(M)	BOU	£4.9	13 (7)	628	8	3	2	0	0.49	1	6%	11%	1.0	2	7	1	0.51	1	27.75	102	3	27
Osho	(D)	LUT	£4.4	15 (0)	1317	7	2	7	2	1.01	2	6%	8%	1.1	2	1	0	0.05	0	27.56	215	1	35
Osborn	(M)	SHU	£4.8	14 (9)	610	2	0	1	0	0.15	0	5%	10%	0.5	1	6	0	0.37	1	27.35	78	0	20
J.Murphy	(M)	NEW	£4.8	10 (6)	418	14	4	9	2	0.85	1	8%	19%	1.8	5	7	4	0.9	4	27.22	113	3	35
Lockyer	(D)	LUT	£4.2	14 (0)	1171	7	1	7	3	0.99	1	10%	15%	1.3	2	3	1	0.29	1	26.97	162	1	23
Bobb	(M)	MCI	£4.4	9 (8)	177	3	2	3	2	1.35	1	11%	12%	2.2	3	5	2	0.85	2	26.93	83	2	24
Osula	(F)	SHU	£4.3	17 (8)	721	20	7	16	3	1.59	0	11%	9%	1.7	1	1	1	0.13	1	26.76	22	0	21
Bentancur	(M)	TOT	£5.4	11 (4)	490	8	2	5	1	1.15	1	10%	5%	1.8	1	4	0	0.61	0	26.38	69	0	17
Fábio Vieira	(M)	ARS	£5.4	9 (7)	283	6	2	6	1	1.2	1	9%	15%	1.8	4	4	2	0.58	3	25.66	65	0	22
Amrabat	(M)	MUN	£5	13 (6)	624	2	0	0	0	0.05	0	1%	0%	0.3	0	4	0	0.23	0	25.44	83	0	17
Brooks	(M)	SHU	£4.4	13 (5)	654	5	1	2	0	0.32	0	4%	0%	0.5	0	2	0	0.21	0	25.39	58	0	17
Delcroix	(D)	BUR	£4	11 (6)	563	4	2	4	0	0.35	0	5%	0%	0.5	0	4	0	0.12	0	25.13	84	0	7
Martial	(F)	MUN	£6.4	13 (8)	445	6	4	5	1	1.24	1	7%	14%	1.4	2	6	0	0.14	1	25.12	73	2	25
Nelson	(M)	ARS	£4.8	13 (13)	171	3	1	0	0	0.07	0	1%	0%	0.5	0	3	1	0.39	0	25.12	41	0	12
Bradley	(D)	LIV	£4.1	5 (0)	386	7	4	5	0	0.71	1	12%	24%	1.5	4	10	2	0.8	3	25.09	149	5	41
Anderson	(M)	NEW	£4.2	10 (6)	408	7	3	5	1	0.78	0	5%	4%	1.1	1	6	1	0.31	1	24.93	68	0	20
Quansah	(D)	LIV	£4	8 (3)	443	2	0	2	0	0.1	0	1%	0%	0.1	0	0	0	0.05	0	24.89	82	0	15
Godfrey	(D)	EVE	£4.3	8 (1)	582	8	3	7	3	1.06	0	9%	0%	1.3	0	2	0	0.2	0	24.87	79	0	18
James	(D)	CHE	£5.3	8 (3)	391	7	1	4	0	0.3	0	9%	8%	1.3	1	11	6	1.01	1	24.83	95	0	9
Ahamada	(M)	CRY	£4.3	15 (15)	201	5	1	2	0	0.15	0	1%	0%	0.2	0	1	0	0.06	0	24.79	45	0	14
Werner	(F)	TOT	£6.3	6 (1)	418	16	4	12	3	1.54	1	27%	23%	2.8	3	8	2	1.22	2	24.75	96	3	24
Clyne	(D)	CRY	£4.3	10 (3)	716	2	0	1	0	0.04	0	1%	0%	0.1	0	1	0	0.09	0	24.69	109	0	18
Boubacar Traore	(M)	WOL	£4.3	14 (11)	394	4	0	0	0	0.07	0	2%	0%	0.3	0	3	0	0.24	0	24.61	67	0	15
Sangaré	(M)	NFO	£4.9	11 (0)	826	6	0	4	1	0.61	0	7%	0%	1.0	0	6	0	0.36	0	24.48	66	0	19
G.Montiel	(D)	NFO	£4.4	9 (4)	499	2	0	1	0	0.09	0	4%	18%	0.4	2	5	3	0.27	2	24.07	110	3	20
Baptiste	(M)	BRE	£4.3	9 (7)	214	2	2	2	1	0.89	1	8%	7%	1.2	1	2	0	0.28	0	23.74	69	0	16
Clark	(M)	LUT	£4.8	12 (7)	481	4	1	3	0	0.33	0	4%	0%	0.7	0	4	0	0.32	0	23.04	44	0	15
Lowe	(D)	SHU	£4.3	8 (5)	396	2	0	2	2	0.58	0	8%	12%	0.6	1	2	1	0.06	1	23.01	38	0	11
Krafth	(D)	NEW	£4.4	6 (6)	84	1	0	0	0	0.07	0	4%	0%	0.5	0	4	1	0.41	0	22.92	49	1	12
Baldock	(D)	SHU	£3.8	12 (2)	880	1	0	0	0	0.03	0	7%	20%	0.7	2	7	1	0.63	2	22.81	106	2	20
Maatsen	(M)	CHE	£5.1	12 (11)	201	5	1	4	1	0.74	0	4%	0%	0.9	0	2	0	0.2	0	22.78	24	0	11
Hickey	(D)	BRE	£4.4	9 (0)	720	7	1	1	0	0.2	0	2%	0%	0.3	0	1	0	0.13	0	22.48	87	0	17
B.Badiashile	(D)	CHE	£4.4	8 (2)	558	2	1	2	1	0.11	0	6%	8%	0.7	1	3	1	0.63	1	22.43	123	4	18
Johnson	(D)	WHU	£4.4	9 (5)	397	5	1	2	0	0.21	0	2%	0%	0.3	0	0	0	0.07	0	21.93	68	0	12
Cucurella	(D)	CHE	£4.8	9 (1)	705	4	3	3	2	0.85	0	7%	0%	1.1	0	6	0	0.26	0	21.71	104	0	10
Henderson	(G)	CRY	£4.4	8 (0)	720	0	0	0	0	0	0	0%	0%	0.0	0	0	0	0.01	0	21.41	110	0	10
Slimane	(M)	SHU	£4.7	11 (7)	362	6	3	3	2	0.81	0	10%	0%	0.9	0	3	1	0.12	0	21.4	17	0	10
Vinícius	(F)	FUL	£4.5	13 (11)	306	9	5	8	2	1.59	2	9%	10%	1.7	2	5	1	0.11	0	21.3	77	2	22
Bryan	(M)	TOT	£4.9	10 (8)	189	3	1	3	1	0.66	0	5%	0%	0.9	0	3	0	0.21	0	21.29	39	0	11
Shaw	(D)	MUN	£5.2	12 (0)	962	2	0	1	0	0.05	0	4%	6%	0.9	1	13	1	0.89	1	21.25	195	0	31
Dahoud	(M)	BHA	£4.8	9 (3)	454	6	1	0	0	0.22	0	4%	5%	0.8	1	10	2	0.54	1	21.22	68	0	14
Matheus França	(M)	CRY	£4.8	10 (9)	225	8	2	2	0	0.33	0	8%	15%	0.8	2	6	1	0.46	2	21.21	47	0	16
Tavares	(D)	NFO	£4	7 (2)	454	7	1	1	0	0.16	0	6%	0%	0.5	0	2	0	0.38	0	20.69	65	0	10
Redmond	(M)	BUR	£4.7	12 (12)	132	0	0	0	0	0.03	0	4%	0%	0.4	0	4	1	0.37	0	20.3	38	0	11
Ings	(F)	WHU	£5.6	13 (11)	245	7	2	6	1	0.86	0	5%	11%	0.9	2	5	0	0.08	2	20.26	63	2	22
Rothwell	(M)	BOU	£4.8	11 (8)	381	2	0	0	0	0.06	0	2%	0%	0.3	0	4	0	0.22	0	20.11	54	0	13
Woodrow	(F)	LUT	£4.3	13 (11)	214	9	2	5	0	0.93	0	6%	0%	1.4	0	6	0	0.51	0	19.99	44	0	12
Tete	(D)	FUL	£4.4	10 (2)	675	3	1	3	2	0.78	1	12%	10%	1.1	1	2	0	0.29	0	19.92	130	0	23
Nkunku	(F)	CHE	£7.2	7 (5)	318	11	7	11	4	1.93	2	19%	15%	2.2	2	2	0	0.25	0	19.77	59	2	19
Worrall	(D)	NFO	£4.3	7 (2)	439	2	0	2	0	0.1	0	4%	0%	0.4	0	2	0	0.31	0	19.73	74	3	13
Kelleher	(G)	LIV	£3.7	6 (0)	540	0	0	0	0	0	0	0%	0%	0.0	0	0	0	0.01	0	19.72	119	3	24
Dendoncker	(M)	AVL	£4.9	8 (7)	118	2	1	1	1	0.73	1	5%	13%	0.7	2	0	0	0.01	1	19.64	64	3	20
D.D.Fofana	(F)	BUR	£5	6 (2)	417	8	5	8	4	2.06	2	33%	75%	2.1	3	4	2	0.06	1	19.53	62	3	23
Hall	(D)	NEW	£4.2	8 (7)	104	1	1	1	0	0.02	0	0%	0%	0.0	0	0	0	0.02	0	19.5	28	0	7
Tonali	(M)	NEW	£5.2	8 (3)	439	3	2	2	2	0.62	1	6%	4%	1.1	1	7	0	0.47	0	19.47	86	0	16
Ballo-Touré	(D)	FUL	£4.5	5 (5)	53	0	0	0	0	0	0	0%	0%	0.0	0	0	0	0	0	19.3	17	0	4
Dobbin	(M)	EVE	£4.5	10 (9)	177	4	2	3	1	0.29	1	2%	14%	0.4	1	2	1	0.09	0	19.12	51	0	16
Larouci	(D)	SHU	£4.3	9 (5)	421	5	1	3	0	0.2	0	4%	0%	0.2	0	1	1	0.03	0	19.1	51	0	8
Pellistri	(M)	MUN	£4.2	9 (8)	165	4	2	4	0	0.51	0	8%	17%	0.9	1	1	0	0.39	1	19.01	36	0	13
Gilchrist	(D)	CHE	£4	5 (5)	18	0	0	0	0	0	0	0%	0%	0.0	0	0	0	0.01	0	18.71	14	0	5
Kalajdžić	(F)	WOL	£4.9	11 (10)	159	4	2	4	3	1.01	2	8%	13%	1.3	2	4	2	0.26	0	18.39	88	4	24
Mount	(M)	MUN	£6.8	8 (4)	401	3	0	3	0	0.2	0	5%	0%	0.5	0	5	0	0.32	0	18.19	51	0	12
Thomas	(D)	SHU	£4	12 (1)	918	6	1	5	1	0.53	0	7%	0%	0.7	0	2	0	0.18	0	17.99	80	0	7
Origi	(F)	NFO	£5	13 (10)	333	5	1	1	0	0.28	0	5%	7%	0.9	1	6	4	0.59	1	17.91	49	0	16
Ritchie	(M)	NEW	£4.3	8 (8)	104	5	3	4	1	0.83	1	5%	8%	0.9	1	0	0	0.03	0	17.67	37	0	12
Keane	(D)	EVE	£4.3	7 (3)	404	6	4	6	2	0.56	1	8%	33%	0.6	1	0	0	0.06	0	17.47	69	2	18
Ramsdale	(G)	ARS	£4.5	5 (0)	450	0	0	0	0	0	0	0%	0%	0.0	0	0	0	0.01	0	17.28	77	0	17
Duran	(F)	AVL	£5	14 (14)	174	12	4	8	2	1.23	2	5%	10%	1.3	3	2	0	0.05	1	16.82	72	3	24
Adama	(M)	FUL	£4.9	8 (8)	79	3	3	3	3	1.07	1	13%	15%	1.1	2	1	1	0.08	1	16.76	40	0	15
Ugochukwu	(M)	CHE	£4.4	10 (7)	271	0	0	0	0	0	0	1%	0%	0.1	0	1	0	0.11	0	16.76	53	0	11
Moore	(F)	BOU	£4.6	8 (8)	100	6	2	5	3	1.44	1	19%	12%	1.8	1	2	1	0.33	0	16.72	38	2	14
Moder	(M)	BHA	£4.4	8 (8)	139	3	0	3	1	0.48	0	4%	0%	0.7	0	2	1	0.17	0	16.59	24	0	7
Sels	(G)	NFO	£4.5	5 (0)	450	0	0	0	0	0	0	0%	0%	0.0	0	0	0	0.03	0	16.45	66	1	13
Kouyaté	(M)	NFO	£4.8	10 (8)	203	4	1	1	1	0.24	0	2%	0%	0.3	0	1	0	0.04	0	16.29	30	0	10
Coleman	(D)	EVE	£4.4	5 (3)	233	0	0	0	0	0	0	1%	0%	0.1	0	0	0	0.06	0	16.25	66	0	14
Phillips	(M)	WHU	£4.7	9 (7)	315	5	2	2	0	0.22	0	3%	0%	0.3	0	0	0	0.1	0	16.03	19	0	7
Mepham	(D)	BOU	£4.3	7 (4)	343	1	1	1	0	0.09	0	1%	0%	0.1	0	1	0	0.04	0	15.87	59	0	10
Andersen	(D)	LUT	£3.9	8 (4)	399	3	1	3	1	0.26	1	3%	12%	0.3	1	0	0	0	0	15.71	75	1	15
Henry	(D)	BRE	£4.3	5 (0)	402	2	0	1	0	0.07	0	9%	12%	1.0	1	5	2	0.9	1	15.64	74	0	13
Olakigbe	(M)	BRE	£4.5	8 (8)	51	3	1	2	0	0.14	0	1%	0%	0.2	0	0	0	0.02	0	15.57	14	0	8
Martinez	(D)	MUN	£4.7	8 (1)	561	0	0	0	0	0	0	1%	7%	0.1	1	3	0	0.08	1	15.51	116	0	12
Omobamidele	(D)	NFO	£4.5	6 (2)	406	0	0	0	0	0	0	0%	0%	0.0	0	1	0	0.01	0	15.51	51	0	7
Ekdal	(D)	BUR	£3.9	6 (2)	324	2	1	1	0	0.06	0	1%	0%	0.1	0	1	0	0.01	0	15.28	41	0	5
Schade	(M)	BRE	£5.2	6 (2)	258	5	2	4	2	0.8	1	11%	25%	1.1	2	3	1	0.35	1	15.22	40	2	19
Fabianski	(G)	WHU	£4.2	5 (2)	316	0	0	0	0	0	0	0%	0%	0.0	0	0	0	0	0	15.14	69	1	13
Zanka	(D)	BRE	£4.3	7 (2)	457	2	0	1	0	0.14	0	5%	0%	0.4	0	2	2	0.24	0	15.04	54	0	5
Willock	(M)	NEW	£5.3	5 (3)	222	3	3	3	1	0.45	1	15%	14%	0.9	1	4	0	0.49	0	14.74	46	0	13
Muñoz	(D)	CRY	£4.5	5 (0)	450	2	0	2	0	0.29	0	11%	0%	0.5	0	6	0	0.16	0	14.6	72	1	9
Odysseas	(G)	NFO	£4.5	5 (0)	450	0	0	0	0	0	0	0%	0%	0.0	0	1	0	0.01	0	14.53	79	0	12
Wharton	(M)	CRY	£5	5 (1)	377	2	0	1	0	0.15	0	14%	0%	0.6	0	8	1	0.43	0	14.52	68	1	12
T.Bénie	(F)	SHU	£5.1	8 (5)	385	1	1	1	1	0.27	0	11%	0%	0.7	0	4	0	0.46	0	14.41	14	0	11
Norrington-Davies	(D)	SHU	£3.9	5 (3)	111	0	0	0	0	0	0	0%	0%	0.0	0	1	0	0	0	14.36	12	0	2
Brewster	(F)	SHU	£4.9	11 (8)	302	6	3	4	0	0.27	0	3%	0%	0.3	0	2	0	0.06	0	14.28	10	0	9
Ogbonna	(D)	WHU	£4.3	7 (4)	319	0	0	0	0	0	0	0%	0%	0.0	0	0	0	0	0	14.14	73	0	18
Cédric	(D)	ARS	£3.8	3 (3)	59	0	0	0	0	0	0	0%	0%	0.0	0	0	0	0.02	0	14.1	15	0	3
Fábio Silva	(F)	WOL	£5.2	8 (5)	261	7	3	6	2	1.12	0	11%	0%	1.2	0	4	0	0.09	0	14.09	7	0	8
McKenna	(D)	NFO	£4.4	5 (0)	417	2	0	2	0	0.21	0	7%	0%	0.4	0	3	0	0.17	0	13.86	64	1	12
Solomon	(M)	TOT	£5.1	5 (3)	198	7	1	5	1	0.41	0	12%	15%	1.2	2	12	1	0.75	2	13.64	53	2	14
Ozoh	(M)	CRY	£4.5	8 (8)	129	0	0	0	0	0	0	0%	0%	0.0	0	0	0	0.01	0	13.58	24	0	7
Berry	(M)	LUT	£4.6	6 (6)	49	1	0	1	0	0.23	0	3%	0%	0.3	0	1	0	0.1	0	12.7	16	0	6
Y. Chermiti	(F)	EVE	£4.8	10 (10)	58	4	1	3	1	0.58	0	4%	0%	0.6	0	1	1	0.03	0	12.59	16	0	9
Rak-Sakyi	(M)	CRY	£4.5	6 (6)	132	5	1	4	0	0.41	0	11%	0%	0.6	0	2	0	0.14	0	12.58	21	0	8
Thomas	(M)	ARS	£4.8	5 (2)	276	2	1	1	0	0.07	0	4%	0%	0.3	0	3	0	0.25	0	12.49	65	0	8
Felipe	(D)	NFO	£4.4	5 (2)	268	2	0	2	0	0.11	0	2%	0%	0.1	0	2	0	0.02	0	12.19	41	0	5
Zaroury	(M)	BUR	£4.6	6 (5)	148	3	1	1	0	0.16	0	5%	0%	0.3	0	2	0	0.11	0	11.85	10	0	4
Bentley	(G)	WOL	£3.9	4 (2)	292	0	0	0	0	0	0	0%	0%	0.0	0	0	0	0	0	11.8	65	1	17
Cresswell	(D)	WHU	£4.2	4 (2)	145	0	0	0	0	0	0	4%	0%	0.1	0	1	1	0.15	0	11.53	23	0	3
T.Davies	(M)	SHU	£5	8 (7)	169	3	0	2	0	0.12	0	2%	0%	0.2	0	1	0	0.06	0	11.11	11	0	6
Cornet	(M)	WHU	£5.2	5 (4)	104	4	1	4	1	0.4	1	6%	25%	0.4	1	4	0	0.02	0	11.1	36	0	11
Benson	(M)	BUR	£5.2	6 (5)	88	3	1	1	0	0.05	0	5%	0%	0.2	0	1	0	0.17	0	10.87	18	0	6
Tomkins	(D)	CRY	£4	3 (3)	5	0	0	0	0	0	0	0%	0%	0.0	0	0	0	0	0	10.86	9	0	2
Clark	(M)	LIV	£4.4	5 (4)	87	2	0	2	0	0.14	0	1%	0%	0.1	0	0	0	0.01	0	10.67	7	0	5
Enciso	(M)	BHA	£5	4 (2)	132	9	3	5	1	0.42	0	12%	22%	1.0	2	3	2	0.6	2	10.32	31	0	10
Brereton Díaz	(M)	SHU	£5	3 (0)	177	6	4	5	3	0.75	2	17%	50%	0.8	2	1	0	0.04	0	10.23	45	1	16
Estève	(D)	BUR	£4	5 (1)	367	2	0	1	0	0.09	0	2%	0%	0.1	0	0	0	0.01	0	9.87	52	0	4
Veliz	(F)	TOT	£5.4	8 (8)	44	2	1	2	1	0.42	1	3%	7%	0.4	1	0	0	0	0	9.7	40	0	11
Hannibal	(M)	MUN	£4.3	5 (4)	130	1	1	0	0	0.03	1	9%	12%	0.5	1	2	0	0.48	0	9.49	34	0	11
Kambwala	(D)	MUN	£3.9	3 (2)	106	0	0	0	0	0	0	0%	0%	0.0	0	0	0	0.01	0	9.22	16	0	2
Assignon	(D)	BUR	£4	5 (0)	438	1	0	0	0	0.03	0	6%	33%	0.3	1	5	1	0.29	1	8.9	47	0	6
Riedewald	(M)	CRY	£4.3	4 (2)	175	0	0	0	0	0	0	1%	0%	0.0	0	0	0	0.04	0	8.55	18	0	7
Drăgușin	(D)	TOT	£4.2	3 (3)	8	0	0	0	0	0	0	0%	0%	0.0	0	0	0	0	0	8.55	10	0	3
Targett	(D)	NEW	£4.2	3 (2)	78	0	0	0	0	0	0	0%	0%	0.0	0	1	0	0.01	0	8.5	15	0	2
Basham	(D)	SHU	£3.9	8 (5)	318	2	0	2	1	0.12	0	3%	0%	0.2	0	2	0	0.07	0	8.36	35	0	8
Perišić	(D)	TOT	£4.7	5 (5)	98	2	0	2	0	0.12	0	10%	8%	0.9	1	5	2	0.8	1	8.18	34	0	6
Strakosha	(G)	BRE	£3.9	2 (1)	135	0	0	0	0	0	0	0%	0%	0.0	0	0	0	0.01	0	8.15	24	0	4
Chukwuemeka	(M)	CHE	£4.2	5 (3)	169	2	2	1	0	0.1	1	4%	33%	0.4	2	2	0	0.27	1	7.96	43	0	12
Baker-Boaitey	(M)	BHA	£4.5	4 (4)	14	0	0	0	0	0	0	1%	0%	0.0	0	0	0	0.03	0	7.88	11	0	4
Grbić	(G)	SHU	£4.5	3 (0)	232	0	0	0	0	0	0	0%	0%	0.0	0	0	0	0	0	7.78	31	0	2
André Gomes	(M)	EVE	£4.4	4 (3)	168	4	3	3	0	0.19	1	5%	33%	0.3	1	3	0	0.1	0	7.64	33	0	10
Iroegbunam	(M)	AVL	£4.4	4 (4)	35	0	0	0	0	0	0	0%	0%	0.0	0	0	0	0	0	7.37	12	0	4
Ortega Moreno	(G)	MCI	£3.7	2 (1)	172	0	0	0	0	0	0	0%	0%	0.0	0	0	0	0	0	7.03	25	0	4
Dier	(D)	TOT	£4.2	4 (3)	199	0	0	0	0	0	0	1%	0%	0.0	0	0	0	0.03	0	6.59	31	0	2
Dasilva	(M)	BRE	£4.7	3 (3)	23	0	0	0	0	0	0	3%	0%	0.2	0	1	0	0.23	0	6.46	6	0	3
M.Elneny	(M)	ARS	£4.4	3 (3)	25	2	1	0	0	0.08	0	1%	7%	0.1	1	0	0	0.01	1	6.46	16	0	6
Mubama	(F)	WHU	£4.2	5 (5)	75	1	0	1	0	0.16	0	3%	0%	0.2	0	0	0	0.01	0	6.37	14	0	5
Fleck	(M)	SHU	£4.9	4 (3)	89	0	0	0	0	0	0	18%	0%	0.3	0	2	1	0.35	0	6.34	13	0	3
Reyna	(M)	NFO	£4.8	3 (3)	38	1	0	0	0	0.06	0	2%	0%	0.1	0	1	0	0.02	0	6.3	11	0	3
Radu	(G)	BOU	£4.3	2 (0)	180	0	0	0	0	0	0	0%	0%	0.0	0	0	0	0	0	6.25	31	0	2
McConnell	(M)	LIV	£4.4	3 (3)	3	0	0	0	0	0	0	0%	0%	0.0	0	0	0	0	0	6.13	8	0	3
Peart-Harris	(M)	BRE	£4.5	3 (3)	11	0	0	0	0	0	0	0%	0%	0.0	0	1	0	0	0	6.05	6	0	3
Rogers	(M)	AVL	£5	3 (3)	60	3	1	3	1	0.31	0	5%	0%	0.4	0	2	0	0.07	0	6.02	9	0	2
Faivre	(M)	BOU	£5	3 (3)	16	1	0	1	0	0.14	0	4%	0%	0.2	0	0	0	0.02	0	5.88	5	0	2
Egan	(D)	SHU	£4.3	6 (0)	484	3	1	3	0	0.17	0	3%	0%	0.2	0	0	0	0	0	5.75	54	0	1
Enes Ünal	(F)	BOU	£5	4 (4)	25	4	0	3	1	0.31	0	5%	0%	0.3	0	0	0	0.04	0	5.74	2	0	4
Forson	(M)	MUN	£4.4	3 (2)	65	1	0	0	0	0.03	0	1%	17%	0.1	1	2	1	0.02	1	5.74	19	0	6
Massengo	(M)	BUR	£4.9	3 (3)	14	0	0	0	0	0	0	0%	0%	0.0	0	0	0	0	0	5.68	11	0	3
Sergio Gómez	(D)	MCI	£3.8	3 (3)	18	0	0	0	0	0	0	1%	9%	0.1	1	1	0	0.08	1	5.32	19	0	6
Cork	(M)	BUR	£4.8	3 (3)	18	0	0	0	0	0	0	0%	0%	0.0	0	0	0	0.01	0	5.22	7	0	3
S.Bueno	(D)	WOL	£4.5	3 (1)	200	0	0	0	0	0	0	0%	0%	0.0	0	0	0	0	0	5.18	35	0	4
Hamed Traorè	(M)	BOU	£4.7	3 (3)	44	3	2	1	0	0.17	0	5%	0%	0.2	0	1	0	0.01	0	5.14	10	0	3
Anthony	(M)	BOU	£4.9	3 (1)	153	2	1	0	0	0.07	0	3%	0%	0.1	0	0	0	0.02	0	5.05	4	0	3
Laporte	(D)	MCI	£4.9	1 (1)	11	1	1	1	0	0.12	0	5%	0%	0.1	0	0	0	0	0	4.97	4	0	1
Dummett	(D)	NEW	£3.9	1 (1)	4	0	0	0	0	0	0	0%	0%	0.0	0	0	0	0	0	4.6	3	0	1
A.Murphy	(D)	NEW	£3.9	1 (1)	3	0	0	0	0	0	0	0%	0%	0.0	0	0	0	0	0	4.58	2	0	1
Amad	(M)	MUN	£4.4	2 (2)	46	1	1	1	0	0.07	0	9%	0%	0.2	0	1	0	0.14	0	4.54	10	0	2
Matthews	(G)	CRY	£3.9	1 (1)	3	0	0	0	0	0	0	0%	0%	0.0	0	0	0	0	0	4.43	3	0	1
Chirewa	(M)	WOL	£4.4	2 (2)	11	1	0	1	0	0.08	0	4%	0%	0.1	0	1	0	0.01	0	4.36	6	0	2
J.Otto	(D)	WOL	£4.3	1 (1)	4	0	0	0	0	0	0	0%	0%	0.0	0	0	0	0	0	4.19	3	0	1
Chalobah	(D)	CHE	£4.3	2 (1)	109	0	0	0	0	0	0	0%	0%	0.0	0	1	0	0.01	0	4.14	21	0	2
Sancho	(M)	MUN	£6.7	3 (3)	76	0	0	0	0	0	0	1%	0%	0.1	0	1	0	0.07	0	4.14	11	0	3
Olsen	(G)	AVL	£3.9	1 (0)	90	0	0	0	0	0	0	0%	0%	0.0	0	0	0	0	0	3.95	12	0	2
Casadei	(M)	CHE	£4.5	2 (2)	13	0	0	0	0	0	0	2%	0%	0.1	0	1	0	0.05	0	3.95	7	0	2
Hill	(D)	BOU	£4	2 (1)	70	0	0	0	0	0	0	0%	0%	0.0	0	0	0	0.01	0	3.94	11	0	2
Harris	(M)	FUL	£4.5	1 (1)	74	1	1	1	1	0.28	0	16%	0%	0.3	0	0	0	0.01	0	3.69	2	0	2
Coutinho	(M)	AVL	£5.8	2 (2)	24	3	1	1	0	0.15	0	3%	0%	0.2	0	0	0	0.02	0	3.49	7	0	2
Deivid	(F)	CHE	£4.5	1 (1)	9	1	0	1	0	0.47	0	23%	0%	0.5	0	0	0	0	0	3.43	3	0	1
Bertrand Traoré	(M)	AVL	£5	2 (2)	10	0	0	0	0	0	0	0%	0%	0.0	0	0	0	0	0	3.33	6	0	2
Holgate	(D)	SHU	£4	3 (0)	193	2	0	2	1	0.34	0	9%	0%	0.3	0	0	0	0.01	0	3.25	7	0	-3
Hashioka	(D)	LUT	£4	1 (1)	37	0	0	0	0	0	0	0%	0%	0.0	0	0	0	0	0	3.1	5	0	1
Kehrer	(D)	WHU	£4.2	4 (4)	19	0	0	0	0	0	0	0%	0%	0.0	0	0	0	0	0	2.9	7	0	2
Fraser	(F)	WOL	£4.5	3 (3)	98	1	1	0	0	0.08	0	3%	0%	0.1	0	1	0	0.03	0	2.76	7	0	2
Obafemi	(F)	BUR	£4.9	2 (2)	19	2	0	1	0	0.11	0	5%	0%	0.1	0	0	0	0.01	0	2.72	4	0	2
Karius	(G)	NEW	£3.9	1 (0)	90	0	0	0	0	0	0	0%	0%	0.0	0	0	0	0	0	2.47	17	0	1
Van de Beek	(M)	MUN	£4.7	1 (1)	2	1	0	1	0	0.04	0	4%	0%	0.1	0	1	0	0.03	0	2.36	3	0	1
Andrey	(M)	CHE	£4.2	1 (1)	7	2	0	0	0	0.06	0	13%	0%	0.1	0	0	0	0	0	2.32	1	0	1
Burstow	(F)	CHE	£4.5	2 (2)	8	0	0	0	0	0	0	0%	0%	0.0	0	0	0	0	0	2.24	6	0	2
Beck	(D)	LIV	£4.5	1 (1)	7	0	0	0	0	0	0	0%	0%	0.0	0	0	0	0	0	2.21	2	0	1
Hackford	(F)	SHU	£4.4	2 (2)	11	0	0	0	0	0	0	0%	0%	0.0	0	0	0	0	0	2.2	5	0	2
Donley	(F)	TOT	£4.5	3 (3)	3	0	0	0	0	0	0	0%	0%	0.0	0	0	0	0	0	2.12	3	0	2
Mitrović	(F)	FUL	£7.4	1 (1)	32	2	1	2	0	0.16	0	12%	0%	0.2	0	0	0	0.02	0	2.09	6	0	1
Gore	(M)	MUN	£4.5	1 (1)	1	0	0	0	0	0	0	0%	0%	0.0	0	0	0	0	0	2.09	5	0	1
Nwaneri	(M)	ARS	£4.5	1 (1)	13	0	0	0	0	0	0	1%	0%	0.1	0	1	0	0.05	0	2.09	3	0	1
Diallo	(M)	NEW	£4.5	1 (1)	1	0	0	0	0	0	0	0%	0%	0.0	0	0	0	0	0	2.05	3	0	1
Matos	(M)	CHE	£4.5	1 (1)	1	0	0	0	0	0	0	0%	0%	0.0	0	0	0	0	0	2.04	2	0	1
Thiago	(M)	LIV	£4.7	1 (1)	5	0	0	0	0	0	0	0%	0%	0.0	0	0	0	0	0	2.02	3	0	1
B.Aguilera	(M)	NFO	£4.5	1 (1)	4	0	0	0	0	0	0	0%	0%	0.0	0	0	0	0	0	2	0	0	1
Arblaster	(M)	SHU	£4.5	1 (1)	26	0	0	0	0	0	0	0%	0%	0.0	0	1	0	0	0	1.98	4	0	1
Peck	(M)	SHU	£4.4	1 (1)	9	0	0	0	0	0	0	0%	0%	0.0	0	0	0	0	0	1.94	3	0	1
White	(M)	NEW	£4.5	1 (1)	1	0	0	0	0	0	0	0%	0%	0.0	0	0	0	0	0	1.94	2	0	1
Lavia	(M)	CHE	£4.9	1 (1)	32	0	0	0	0	0	0	0%	0%	0.0	0	0	0	0.01	0	1.79	2	0	1
Gordon	(M)	LIV	£4.5	1 (1)	1	0	0	0	0	0	0	0%	0%	0.0	0	0	0	0	0	1.69	3	0	1
Oné	(M)	SHU	£4.4	1 (1)	7	0	0	0	0	0	0	0%	0%	0.0	0	0	0	0	0	1.33	3	0	1
Chambers	(D)	AVL	£3.8	1 (1)	45	0	0	0	0	0	0	0%	0%	0.0	0	0	0	0	0	1.16	11	0	1
Doak	(M)	LIV	£4.3	1 (1)	13	0	0	0	0	0	0	0%	0%	0.0	0	0	0	0	0	1.16	3	0	1
Cannon	(F)	EVE	£4.5	1 (1)	1	0	0	0	0	0	0	0%	0%	0.0	0	0	0	0	0	1.12	3	0	1
Scarlett	(F)	TOT	£4.5	1 (1)	1	0	0	0	0	0	0	0%	0%	0.0	0	0	0	0	0	1.12	3	0	1
Ndiweni	(F)	NEW	£4.4	1 (1)	1	0	0	0	0	0	0	0%	0%	0.0	0	0	0	0	0	1.12	3	0	1
Ribeiro	(F)	NFO	£4.5	1 (1)	1	0	0	0	0	0	0	0%	0%	0.0	0	0	0	0	0	1.12	3	0	1
Onyango	(M)	EVE	£4.4	1 (1)	1	0	0	0	0	0	0	0%	0%	0.0	0	0	0	0	0	1.1	3	0	1
Parkinson	(F)	NEW	£4.5	1 (1)	24	0	0	0	0	0	0	0%	0%	0.0	0	0	0	0	0	1.08	2	0	1
Danns	(F)	LIV	£4.5	2 (2)	7	0	0	0	0	0	0	0%	0%	0.0	0	0	0	0.01	0	1.07	1	0	1
J.Timber	(D)	ARS	£4.6	1 (0)	50	0	0	0	0	0	0	1%	0%	0.0	0	0	0	0.01	0	1.07	3	0	0
Philogene	(M)	AVL	£4.5	1 (1)	3	0	0	0	0	0	0	0%	0%	0.0	0	0	0	0	0	1.06	3	0	1
Sánchez	(D)	TOT	£4.4	1 (1)	76	1	0	1	0	0.12	0	12%	0%	0.1	0	0	0	0.03	0	1.04	9	0	0
Bennett	(D)	MUN	£4	0 (0)	0	0	0	0	0	0	0	0%	0%	0.0	0	0	0	0	0	0	0	0	0
Griffiths	(M)	WOL	£4.5	0 (0)	0	0	0	0	0	0	0	0%	0%	0.0	0	0	0	0	0	0	0	0	0
N.Lemina	(M)	WOL	£5	0 (0)	0	0	0	0	0	0	0	0%	0%	0.0	0	0	0	0	0	0	0	0	0
McDonnell	(M)	NFO	£4.5	0 (0)	0	0	0	0	0	0	0	0%	0%	0.0	0	0	0	0	0	0	0	0	0
Angelini	(G)	BRE	£4	0 (0)	0	0	0	0	0	0	0	0%	0%	0.0	0	0	0	0	0	0	0	0	0
Heaton	(G)	MUN	£4	0 (0)	0	0	0	0	0	0	0	0%	0%	0.0	0	0	0	0	0	0	0	0	0
Bandeira	(M)	ARS	£4.5	0 (0)	0	0	0	0	0	0	0	0%	0%	0.0	0	0	0	0	0	0	0	0	0
Tanton	(D)	FUL	£4	0 (0)	0	0	0	0	0	0	0	0%	0%	0.0	0	0	0	0	0	0	0	0	0
Lewis-Skelly	(M)	ARS	£4.5	0 (0)	0	0	0	0	0	0	0	0%	0%	0.0	0	0	0	0	0	0	0	0	0
Umeh-Chibueze	(F)	CRY	£4.5	0 (0)	0	0	0	0	0	0	0	0%	0%	0.0	0	0	0	0	0	0	0	0	0
Francis-Clarke	(D)	LUT	£4	0 (0)	0	0	0	0	0	0	0	0%	0%	0.0	0	0	0	0	0	0	0	0	0
Kilkenny	(M)	BOU	£4.3	0 (0)	0	0	0	0	0	0	0	0%	0%	0.0	0	0	0	0	0	0	0	0	0
Sasnauskas	(D)	SHU	£4	0 (0)	0	0	0	0	0	0	0	0%	0%	0.0	0	0	0	0	0	0	0	0	0
Amissah	(G)	SHU	£3.9	0 (0)	0	0	0	0	0	0	0	0%	0%	0.0	0	0	0	0	0	0	0	0	0
Koumas	(F)	LIV	£4.5	0 (0)	0	0	0	0	0	0	0	0%	0%	0.0	0	0	0	0	0	0	0	0	0
Metcalfe	(M)	EVE	£4.5	0 (0)	0	0	0	0	0	0	0	0%	0%	0.0	0	0	0	0	0	0	0	0	0
Earthy	(M)	WHU	£4.5	0 (0)	0	0	0	0	0	0	0	0%	0%	0.0	0	0	0	0	0	0	0	0	0
Rodney	(M)	CRY	£4.5	0 (0)	0	0	0	0	0	0	0	0%	0%	0.0	0	0	0	0	0	0	0	0	0
Humphreys	(D)	CHE	£4	0 (0)	0	0	0	0	0	0	0	0%	0%	0.0	0	0	0	0	0	0	0	0	0
O'Reilly	(M)	AVL	£4.5	0 (0)	0	0	0	0	0	0	0	0%	0%	0.0	0	0	0	0	0	0	0	0	0
Chambers	(D)	LIV	£4	0 (0)	0	0	0	0	0	0	0	0%	0%	0.0	0	0	0	0	0	0	0	0	0
Diego Moreira	(M)	CHE	£4.5	0 (0)	0	0	0	0	0	0	0	0%	0%	0.0	0	0	0	0	0	0	0	0	0
Marsh	(F)	SHU	£4.5	0 (0)	0	0	0	0	0	0	0	0%	0%	0.0	0	0	0	0	0	0	0	0	0
Piesold	(M)	LUT	£4.5	0 (0)	0	0	0	0	0	0	0	0%	0%	0.0	0	0	0	0	0	0	0	0	0
Beach	(G)	CHE	£4	0 (0)	0	0	0	0	0	0	0	0%	0%	0.0	0	0	0	0	0	0	0	0	0
Hennessey	(G)	NFO	£3.9	0 (0)	0	0	0	0	0	0	0	0%	0%	0.0	0	0	0	0	0	0	0	0	0
Potts	(D)	LUT	£3.9	0 (0)	0	0	0	0	0	0	0	0%	0%	0.0	0	0	0	0	0	0	0	0	0
Buyabu	(D)	SHU	£4	0 (0)	0	0	0	0	0	0	0	0%	0%	0.0	0	0	0	0	0	0	0	0	0
Campbell	(M)	LUT	£4.9	0 (0)	0	0	0	0	0	0	0	0%	0%	0.0	0	0	0	0	0	0	0	0	0
A.Davies	(G)	SHU	£4	0 (0)	0	0	0	0	0	0	0	0%	0%	0.0	0	0	0	0	0	0	0	0	0
González	(M)	WOL	£5	0 (0)	0	0	0	0	0	0	0	0%	0%	0.0	0	0	0	0	0	0	0	0	0
Goode	(D)	BRE	£3.9	0 (0)	0	0	0	0	0	0	0	0%	0%	0.0	0	0	0	0	0	0	0	0	0
Francois	(M)	FUL	£4.4	0 (0)	0	0	0	0	0	0	0	0%	0%	0.0	0	0	0	0	0	0	0	0	0
Coulibaly	(M)	SHU	£4.4	0 (0)	0	0	0	0	0	0	0	0%	0%	0.0	0	0	0	0	0	0	0	0	0
Hugill	(F)	MUN	£4.5	0 (0)	0	0	0	0	0	0	0	0%	0%	0.0	0	0	0	0	0	0	0	0	0
Horvath	(G)	NFO	£4.3	0 (0)	0	0	0	0	0	0	0	0%	0%	0.0	0	0	0	0	0	0	0	0	0
Sadi	(M)	BOU	£4.5	0 (0)	0	0	0	0	0	0	0	0%	0%	0.0	0	0	0	0	0	0	0	0	0
Alzate	(M)	BHA	£4.4	0 (0)	0	0	0	0	0	0	0	0%	0%	0.0	0	0	0	0	0	0	0	0	0
Anang	(G)	WHU	£4	0 (0)	0	0	0	0	0	0	0	0%	0%	0.0	0	0	0	0	0	0	0	0	0
Blacker	(F)	SHU	£4.5	0 (0)	0	0	0	0	0	0	0	0%	0%	0.0	0	0	0	0	0	0	0	0	0
Okoduwa	(D)	WOL	£4	0 (0)	0	0	0	0	0	0	0	0%	0%	0.0	0	0	0	0	0	0	0	0	0
Wright	(G)	AVL	£4	0 (0)	0	0	0	0	0	0	0	0%	0%	0.0	0	0	0	0	0	0	0	0	0
Walters	(D)	ARS	£4	0 (0)	0	0	0	0	0	0	0	0%	0%	0.0	0	0	0	0	0	0	0	0	0
Adedokun	(D)	BRE	£4	0 (0)	0	0	0	0	0	0	0	0%	0%	0.0	0	0	0	0	0	0	0	0	0
Casey	(D)	WHU	£4	0 (0)	0	0	0	0	0	0	0	0%	0%	0.0	0	0	0	0	0	0	0	0	0
Susoho	(M)	MCI	£4.5	0 (0)	0	0	0	0	0	0	0	0%	0%	0.0	0	0	0	0	0	0	0	0	0
Sagoe	(M)	ARS	£4.5	0 (0)	0	0	0	0	0	0	0	0%	0%	0.0	0	0	0	0	0	0	0	0	0
Fredrick	(D)	BRE	£4	0 (0)	0	0	0	0	0	0	0	0%	0%	0.0	0	0	0	0	0	0	0	0	0
Marschall	(G)	AVL	£4	0 (0)	0	0	0	0	0	0	0	0%	0%	0.0	0	0	0	0	0	0	0	0	0
Brooking	(D)	CHE	£4	0 (0)	0	0	0	0	0	0	0	0%	0%	0.0	0	0	0	0	0	0	0	0	0
Ui-jo	(F)	NFO	£4.4	0 (0)	0	0	0	0	0	0	0	0%	0%	0.0	0	0	0	0	0	0	0	0	0
Barnett	(M)	WOL	£4.5	0 (0)	0	0	0	0	0	0	0	0%	0%	0.0	0	0	0	0	0	0	0	0	0
O’Mahony	(F)	BHA	£4.5	0 (0)	0	0	0	0	0	0	0	0%	0%	0.0	0	0	0	0	0	0	0	0	0
Holding	(D)	CRY	£4.3	0 (0)	0	0	0	0	0	0	0	0%	0%	0.0	0	0	0	0	0	0	0	0	0
Whittingham	(M)	WOL	£4.5	0 (0)	0	0	0	0	0	0	0	0%	0%	0.0	0	0	0	0	0	0	0	0	0
Coventry	(M)	WHU	£4.3	0 (0)	0	0	0	0	0	0	0	0%	0%	0.0	0	0	0	0	0	0	0	0	0
Kesler-Hayden	(D)	AVL	£4	0 (0)	0	0	0	0	0	0	0	0%	0%	0.0	0	0	0	0	0	0	0	0	0
Plange	(F)	CRY	£4.5	0 (0)	0	0	0	0	0	0	0	0%	0%	0.0	0	0	0	0	0	0	0	0	0
Hubner	(D)	WOL	£4	0 (0)	0	0	0	0	0	0	0	0%	0%	0.0	0	0	0	0	0	0	0	0	0
Sweet	(D)	ARS	£4	0 (0)	0	0	0	0	0	0	0	0%	0%	0.0	0	0	0	0	0	0	0	0	0
Whitworth	(G)	CRY	£3.9	0 (0)	0	0	0	0	0	0	0	0%	0%	0.0	0	0	0	0	0	0	0	0	0
Hunt	(M)	EVE	£4.5	0 (0)	0	0	0	0	0	0	0	0%	0%	0.0	0	0	0	0	0	0	0	0	0
Orford	(M)	WHU	£4.5	0 (0)	0	0	0	0	0	0	0	0%	0%	0.0	0	0	0	0	0	0	0	0	0
Kavanagh	(D)	BHA	£4	0 (0)	0	0	0	0	0	0	0	0%	0%	0.0	0	0	0	0	0	0	0	0	0
Marshall	(F)	WHU	£4.5	0 (0)	0	0	0	0	0	0	0	0%	0%	0.0	0	0	0	0	0	0	0	0	0
Nyoni	(M)	LIV	£4.5	0 (0)	0	0	0	0	0	0	0	0%	0%	0.0	0	0	0	0	0	0	0	0	0
Egan-Riley	(D)	BUR	£3.9	0 (0)	0	0	0	0	0	0	0	0%	0%	0.0	0	0	0	0	0	0	0	0	0
Peupion	(M)	BHA	£4.5	0 (0)	0	0	0	0	0	0	0	0%	0%	0.0	0	0	0	0	0	0	0	0	0
O'Brien	(M)	NFO	£4.9	0 (0)	0	0	0	0	0	0	0	0%	0%	0.0	0	0	0	0	0	0	0	0	0
J.Virginia	(G)	EVE	£3.9	0 (0)	0	0	0	0	0	0	0	0%	0%	0.0	0	0	0	0	0	0	0	0	0
Gillespie	(G)	NEW	£3.9	0 (0)	0	0	0	0	0	0	0	0%	0%	0.0	0	0	0	0	0	0	0	0	0
Krul	(G)	LUT	£4.4	0 (0)	0	0	0	0	0	0	0	0%	0%	0.0	0	0	0	0	0	0	0	0	0
Gauci	(G)	AVL	£4	0 (0)	0	0	0	0	0	0	0	0%	0%	0.0	0	0	0	0	0	0	0	0	0
Dibley-Dias	(M)	FUL	£4.5	0 (0)	0	0	0	0	0	0	0	0%	0%	0.0	0	0	0	0	0	0	0	0	0
Carson	(G)	MCI	£3.8	0 (0)	0	0	0	0	0	0	0	0%	0%	0.0	0	0	0	0	0	0	0	0	0
Hodge	(M)	WOL	£4.4	0 (0)	0	0	0	0	0	0	0	0%	0%	0.0	0	0	0	0	0	0	0	0	0
Barrington	(M)	BHA	£4.5	0 (0)	0	0	0	0	0	0	0	0%	0%	0.0	0	0	0	0	0	0	0	0	0
Ola-Adebomi	(F)	CRY	£4.5	0 (0)	0	0	0	0	0	0	0	0%	0%	0.0	0	0	0	0	0	0	0	0	0
Hein	(G)	ARS	£4	0 (0)	0	0	0	0	0	0	0	0%	0%	0.0	0	0	0	0	0	0	0	0	0
Marcondes	(M)	BOU	£4.3	0 (0)	0	0	0	0	0	0	0	0%	0%	0.0	0	0	0	0	0	0	0	0	0
Brierley	(M)	BRE	£4.5	0 (0)	0	0	0	0	0	0	0	0%	0%	0.0	0	0	0	0	0	0	0	0	0
Barco	(D)	BHA	£4	0 (0)	0	0	0	0	0	0	0	0%	0%	0.0	0	0	0	0	0	0	0	0	0
Harrison	(M)	CHE	£4.5	0 (0)	0	0	0	0	0	0	0	0%	0%	0.0	0	0	0	0	0	0	0	0	0
Gordon	(F)	CRY	£4.5	0 (0)	0	0	0	0	0	0	0	0%	0%	0.0	0	0	0	0	0	0	0	0	0
Castledine	(M)	CHE	£4.5	0 (0)	0	0	0	0	0	0	0	0%	0%	0.0	0	0	0	0	0	0	0	0	0
Scarles	(D)	WHU	£4	0 (0)	0	0	0	0	0	0	0	0%	0%	0.0	0	0	0	0	0	0	0	0	0
Mrozek	(G)	LIV	£4	0 (0)	0	0	0	0	0	0	0	0%	0%	0.0	0	0	0	0	0	0	0	0	0
Kinsey-Wellings	(D)	BOU	£4	0 (0)	0	0	0	0	0	0	0	0%	0%	0.0	0	0	0	0	0	0	0	0	0
Kellyman	(M)	AVL	£4.5	0 (0)	0	0	0	0	0	0	0	0%	0%	0.0	0	0	0	0	0	0	0	0	0
Freuler	(M)	NFO	£4.9	0 (0)	0	0	0	0	0	0	0	0%	0%	0.0	0	0	0	0	0	0	0	0	0
Mbabu	(D)	FUL	£4	0 (0)	0	0	0	0	0	0	0	0%	0%	0.0	0	0	0	0	0	0	0	0	0
Johnson	(D)	LUT	£4	0 (0)	0	0	0	0	0	0	0	0%	0%	0.0	0	0	0	0	0	0	0	0	0
Adrián	(G)	LIV	£3.9	0 (0)	0	0	0	0	0	0	0	0%	0%	0.0	0	0	0	0	0	0	0	0	0
Perrone	(M)	MCI	£4.4	0 (0)	0	0	0	0	0	0	0	0%	0%	0.0	0	0	0	0	0	0	0	0	0
Samuels-Smith	(D)	CHE	£4	0 (0)	0	0	0	0	0	0	0	0%	0%	0.0	0	0	0	0	0	0	0	0	0
Muric	(G)	BUR	£4.3	0 (0)	0	0	0	0	0	0	0	0%	0%	0.0	0	0	0	0	0	0	0	0	0
Balcombe	(G)	BRE	£3.9	0 (0)	0	0	0	0	0	0	0	0%	0%	0.0	0	0	0	0	0	0	0	0	0
Sekularac	(M)	FUL	£4.4	0 (0)	0	0	0	0	0	0	0	0%	0%	0.0	0	0	0	0	0	0	0	0	0
De Fougerolles	(D)	FUL	£3.9	0 (0)	0	0	0	0	0	0	0	0%	0%	0.0	0	0	0	0	0	0	0	0	0
Scanlon	(D)	LIV	£3.9	0 (0)	0	0	0	0	0	0	0	0%	0%	0.0	0	0	0	0	0	0	0	0	0
Luker	(M)	LUT	£4.5	0 (0)	0	0	0	0	0	0	0	0%	0%	0.0	0	0	0	0	0	0	0	0	0
Randolph	(G)	BOU	£4	0 (0)	0	0	0	0	0	0	0	0%	0%	0.0	0	0	0	0	0	0	0	0	0
Curtis	(D)	SHU	£4	0 (0)	0	0	0	0	0	0	0	0%	0%	0.0	0	0	0	0	0	0	0	0	0
Hamilton	(M)	MCI	£4.5	0 (0)	0	0	0	0	0	0	0	0%	0%	0.0	0	0	0	0	0	0	0	0	0
Ebiowei	(M)	CRY	£4.4	0 (0)	0	0	0	0	0	0	0	0%	0%	0.0	0	0	0	0	0	0	0	0	0
Altay	(G)	MUN	£4	0 (0)	0	0	0	0	0	0	0	0%	0%	0.0	0	0	0	0	0	0	0	0	0
Collyer	(M)	MUN	£4.5	0 (0)	0	0	0	0	0	0	0	0%	0%	0.0	0	0	0	0	0	0	0	0	0
Dorrington	(D)	TOT	£4	0 (0)	0	0	0	0	0	0	0	0%	0%	0.0	0	0	0	0	0	0	0	0	0
Adaramola	(D)	CRY	£4	0 (0)	0	0	0	0	0	0	0	0%	0%	0.0	0	0	0	0	0	0	0	0	0
Jackson	(D)	BHA	£4	0 (0)	0	0	0	0	0	0	0	0%	0%	0.0	0	0	0	0	0	0	0	0	0
Mosquera	(D)	WOL	£4	0 (0)	0	0	0	0	0	0	0	0%	0%	0.0	0	0	0	0	0	0	0	0	0
Ogunneye	(D)	MUN	£4	0 (0)	0	0	0	0	0	0	0	0%	0%	0.0	0	0	0	0	0	0	0	0	0
Yago Santiago	(M)	TOT	£4.5	0 (0)	0	0	0	0	0	0	0	0%	0%	0.0	0	0	0	0	0	0	0	0	0
King	(G)	WOL	£3.9	0 (0)	0	0	0	0	0	0	0	0%	0%	0.0	0	0	0	0	0	0	0	0	0
Vigouroux	(G)	BUR	£3.9	0 (0)	0	0	0	0	0	0	0	0%	0%	0.0	0	0	0	0	0	0	0	0	0
Duffus	(M)	BHA	£4.4	0 (0)	0	0	0	0	0	0	0	0%	0%	0.0	0	0	0	0	0	0	0	0	0
Austin	(G)	TOT	£3.9	0 (0)	0	0	0	0	0	0	0	0%	0%	0.0	0	0	0	0	0	0	0	0	0
Zych	(G)	AVL	£4	0 (0)	0	0	0	0	0	0	0	0%	0%	0.0	0	0	0	0	0	0	0	0	0
Nelson	(M)	LUT	£4.5	0 (0)	0	0	0	0	0	0	0	0%	0%	0.0	0	0	0	0	0	0	0	0	0
Proctor	(G)	AVL	£4	0 (0)	0	0	0	0	0	0	0	0%	0%	0.0	0	0	0	0	0	0	0	0	0
Shea	(G)	LUT	£4.3	0 (0)	0	0	0	0	0	0	0	0%	0%	0.0	0	0	0	0	0	0	0	0	0
Greenwood	(D)	BOU	£4	0 (0)	0	0	0	0	0	0	0	0%	0%	0.0	0	0	0	0	0	0	0	0	0
Campbell	(D)	EVE	£4	0 (0)	0	0	0	0	0	0	0	0%	0%	0.0	0	0	0	0	0	0	0	0	0
Stansfield	(F)	FUL	£4.5	0 (0)	0	0	0	0	0	0	0	0%	0%	0.0	0	0	0	0	0	0	0	0	0
Stutter	(F)	CHE	£4.5	0 (0)	0	0	0	0	0	0	0	0%	0%	0.0	0	0	0	0	0	0	0	0	0
King	(M)	FUL	£4.5	0 (0)	0	0	0	0	0	0	0	0%	0%	0.0	0	0	0	0	0	0	0	0	0
McAtee	(F)	LUT	£4.5	0 (0)	0	0	0	0	0	0	0	0%	0%	0.0	0	0	0	0	0	0	0	0	0
Fernandez	(D)	MUN	£4	0 (0)	0	0	0	0	0	0	0	0%	0%	0.0	0	0	0	0	0	0	0	0	0
Vítek	(G)	MUN	£4	0 (0)	0	0	0	0	0	0	0	0%	0%	0.0	0	0	0	0	0	0	0	0	0
Hernes	(M)	NEW	£4.5	0 (0)	0	0	0	0	0	0	0	0%	0%	0.0	0	0	0	0	0	0	0	0	0
Osong	(F)	NFO	£4.5	0 (0)	0	0	0	0	0	0	0	0%	0%	0.0	0	0	0	0	0	0	0	0	0
Tauriainen	(M)	CHE	£4.5	0 (0)	0	0	0	0	0	0	0	0%	0%	0.0	0	0	0	0	0	0	0	0	0
Kim Ji-Soo	(D)	BRE	£4	0 (0)	0	0	0	0	0	0	0	0%	0%	0.0	0	0	0	0	0	0	0	0	0
Travers	(G)	BOU	£4	0 (0)	0	0	0	0	0	0	0	0%	0%	0.0	0	0	0	0	0	0	0	0	0
Gardner	(F)	NFO	£4.5	0 (0)	0	0	0	0	0	0	0	0%	0%	0.0	0	0	0	0	0	0	0	0	0
Seriki	(D)	SHU	£3.9	0 (0)	0	0	0	0	0	0	0	0%	0%	0.0	0	0	0	0	0	0	0	0	0
Forster	(G)	TOT	£3.8	0 (0)	0	0	0	0	0	0	0	0%	0%	0.0	0	0	0	0	0	0	0	0	0
Hesketh	(M)	WOL	£4.5	0 (0)	0	0	0	0	0	0	0	0%	0%	0.0	0	0	0	0	0	0	0	0	0
Raymond	(M)	CRY	£4.5	0 (0)	0	0	0	0	0	0	0	0%	0%	0.0	0	0	0	0	0	0	0	0	0
Wright	(M)	MCI	£4.5	0 (0)	0	0	0	0	0	0	0	0%	0%	0.0	0	0	0	0	0	0	0	0	0
Bajcetic	(M)	LIV	£4.7	0 (0)	0	0	0	0	0	0	0	0%	0%	0.0	0	0	0	0	0	0	0	0	0
Pitaluga	(G)	LIV	£4	0 (0)	0	0	0	0	0	0	0	0%	0%	0.0	0	0	0	0	0	0	0	0	0
Ibrahim	(M)	ARS	£4.5	0 (0)	0	0	0	0	0	0	0	0%	0%	0.0	0	0	0	0	0	0	0	0	0
Manquillo	(D)	NEW	£4	0 (0)	0	0	0	0	0	0	0	0%	0%	0.0	0	0	0	0	0	0	0	0	0
Lonergan	(G)	EVE	£3.9	0 (0)	0	0	0	0	0	0	0	0%	0%	0.0	0	0	0	0	0	0	0	0	0
Bergström	(G)	CHE	£3.9	0 (0)	0	0	0	0	0	0	0	0%	0%	0.0	0	0	0	0	0	0	0	0	0
Mings	(D)	AVL	£4.1	1 (0)	31	1	0	1	0	0.01	0	9%	0%	0.2	0	1	0	0.16	0	-0.67	5	0	0
Rodák	(G)	FUL	£3.9	0 (0)	0	0	0	0	0	0	0	0%	0%	0.0	0	0	0	0	0	-1.05	-3	0	-1
Bettinelli	(G)	CHE	£4	0 (0)	0	0	0	0	0	0	0	0%	0%	0.0	0	0	0	0	0	-1.05	-3	0	-1